// MilkShape 3D ASCII
// Converted from .obj with obj2ms3dascii.lua by FMS_Cat
// https://github.com/FMS-Cat/obj2ms3dascii
Frames: 30
Frame: 1
Meshes: 1
"Moon_Circle.003" 0 0
1249
0 0 0 21.018444 0.882678 0.840005 -1
0 0 0.834603 20.805758 0.901021 0.838593 -1
0 -2.509958 0.834603 20.805758 0.901021 0.891253 -1
0 -2.579063 0 21.018442 0.882678 0.894114 -1
0 0 0.834603 20.805758 0.901021 0.838593 -1
0 0 1.445574 20.224689 0.91443 0.834758 -1
0 -2.321158 1.445574 20.224689 0.91443 0.883456 -1
0 -2.509958 0.834603 20.805758 0.901021 0.891253 -1
0 0 1.445574 20.224689 0.135277 0.867536 -1
0 0 1.669205 19.430935 0.139501 0.850601 -1
0 -2.063251 1.669205 19.430935 0.183523 0.861582 -1
0 -2.321158 1.445574 20.224689 0.184801 0.87989 -1
0 0 1.669205 19.430935 0.139501 0.850601 -1
0 0 1.445574 18.63718 0.143726 0.833665 -1
0 -1.805346 1.445574 18.63718 0.182245 0.843274 -1
0 -2.063251 1.669205 19.430935 0.183523 0.861582 -1
0 0 1.445574 18.63718 0.914431 0.630033 -1
0 0 0.834603 18.056112 0.927866 0.626261 -1
0 -1.616545 0.834603 18.056112 0.927866 0.660224 -1
0 -1.805346 1.445574 18.63718 0.914431 0.667963 -1
0 0 0.834603 18.056112 0.927866 0.626261 -1
0 0 0 17.843428 0.946218 0.62488 -1
0 -1.547439 0 17.843428 0.946218 0.657391 -1
0 -1.616545 0.834603 18.056112 0.927866 0.660224 -1
0 0 0 17.843428 0.946218 0.62488 -1
0 0 -0.834603 18.056112 0.964571 0.626261 -1
0 -1.616545 -0.834603 18.056112 0.964571 0.660224 -1
0 -1.547439 0 17.843428 0.946218 0.657391 -1
0 0 -1.445574 18.63718 0.490322 0.059627 -1
0 0 -1.669205 19.430935 0.486098 0.042692 -1
0 -2.063251 -1.669205 19.430935 0.530119 0.031711 -1
0 -1.805346 -1.445574 18.63718 0.528841 0.050019 -1
0 0 -1.669205 19.430935 0.486098 0.042692 -1
0 0 -1.445574 20.224689 0.481873 0.025756 -1
0 -2.321158 -1.445574 20.224689 0.531397 0.013402 -1
0 -2.063251 -1.669205 19.430935 0.530119 0.031711 -1
0 0 -0.834603 20.805758 0.864316 0.838616 -1
0 0 0 21.018444 0.882678 0.840005 -1
0 -2.579063 0 21.018442 0.882678 0.894114 -1
0 -2.509958 -0.834603 20.805758 0.864316 0.891275 -1
0 0 -1.445574 20.224689 0.850855 0.834796 -1
0 0 -0.834603 20.805758 0.864316 0.838616 -1
0 -2.509958 -0.834603 20.805758 0.864316 0.891275 -1
0 -2.321158 -1.445574 20.224689 0.850855 0.883494 -1
0 -2.579063 0 21.018442 0.882643 0.381967 -1
0 -2.509958 0.834603 20.805758 0.900995 0.385763 -1
0 -6.571157 0.834603 17.855124 0.900995 0.478821 -1
0 -6.752078 0 17.98657 0.882643 0.477587 -1
0 -2.063251 1.669205 19.430935 0.183523 0.861582 -1
0 -1.805346 1.445574 18.63718 0.182245 0.843274 -1
0 -4.726455 1.445574 16.51487 0.255864 0.81354 -1
0 -5.401663 1.669205 17.005436 0.26766 0.8276 -1
0 -1.805346 1.445574 18.63718 0.182245 0.843274 -1
0 -1.616545 0.834603 18.056112 0.181309 0.829871 -1
0 -4.232168 0.834603 16.15575 0.24723 0.803247 -1
0 -4.726455 1.445574 16.51487 0.255864 0.81354 -1
0 -1.616545 -0.834603 18.056112 0.527905 0.063421 -1
0 -1.805346 -1.445574 18.63718 0.528841 0.050019 -1
0 -4.726455 -1.445574 16.51487 0.602461 0.079753 -1
0 -4.232168 -0.834603 16.15575 0.593826 0.090046 -1
0 -1.805346 -1.445574 18.63718 0.528841 0.050019 -1
0 -2.063251 -1.669205 19.430935 0.530119 0.031711 -1
0 -5.401663 -1.669205 17.005436 0.614256 0.065693 -1
0 -4.726455 -1.445574 16.51487 0.602461 0.079753 -1
0 -2.509958 -0.834603 20.805758 0.86429 0.385763 -1
0 -2.579063 0 21.018442 0.882643 0.381967 -1
0 -6.752078 0 17.98657 0.882643 0.477587 -1
0 -6.571157 -0.834603 17.855124 0.86429 0.478821 -1
0 -6.752078 0 17.98657 0.882643 0.477587 -1
0 -6.571157 0.834603 17.855124 0.900995 0.478821 -1
0 -8.122395 0.834603 13.080902 0.900995 0.589006 -1
0 -8.346025 0 13.080902 0.882643 0.590805 -1
0 -5.401663 1.669205 17.005436 0.26766 0.8276 -1
0 -4.726455 1.445574 16.51487 0.255864 0.81354 -1
0 -5.842218 1.445574 13.080902 0.297947 0.746211 -1
0 -6.676821 1.669205 13.080902 0.315754 0.750653 -1
0 -4.726455 1.445574 16.51487 0.820343 0.870975 -1
0 -4.232168 0.834603 16.15575 0.806908 0.869393 -1
0 -5.231247 0.834603 13.080902 0.806908 0.799662 -1
0 -5.842218 1.445574 13.080902 0.820343 0.7931 -1
0 -4.232168 -0.834603 16.15575 0.770203 0.869393 -1
0 -4.726455 -1.445574 16.51487 0.756768 0.870975 -1
0 -5.842218 -1.445574 13.080902 0.756768 0.7931 -1
0 -5.231247 -0.834603 13.080902 0.770203 0.799662 -1
0 -6.076871 -1.445574 17.496004 0.850855 0.482194 -1
0 -6.571157 -0.834603 17.855124 0.86429 0.478821 -1
0 -8.122395 -0.834603 13.080902 0.86429 0.589006 -1
0 -7.511423 -1.445574 13.080902 0.850855 0.584091 -1
0 -5.401663 -1.669205 17.005436 0.614256 0.065693 -1
0 -6.076871 -1.445574 17.496004 0.626051 0.051632 -1
0 -7.511423 -1.445574 13.080902 0.680157 0.138197 -1
0 -6.676821 -1.669205 13.080902 0.66235 0.142639 -1
0 2.579063 0 21.018442 0.882678 0.785896 -1
0 2.509958 0.834603 20.805758 0.901021 0.785934 -1
0 2.509958 0.834603 20.805758 0.901021 0.785934 -1
0 2.321158 1.445574 20.224689 0.91443 0.78606 -1
0 2.321158 1.445574 20.224689 0.085753 0.855182 -1
0 2.063251 1.669205 19.430935 0.09548 0.839619 -1
0 2.063251 1.669205 19.430935 0.09548 0.839619 -1
0 1.805345 1.445574 18.63718 0.105207 0.824057 -1
0 1.805345 1.445574 18.63718 0.914431 0.592104 -1
0 1.616544 0.834603 18.056112 0.927866 0.592298 -1
0 1.616544 0.834603 18.056112 0.927866 0.592298 -1
0 1.547439 0 17.843428 0.946218 0.592369 -1
0 1.547439 0 17.843428 0.946218 0.592369 -1
0 1.616544 -0.834603 18.056112 0.964571 0.592298 -1
0 1.805345 -1.445574 18.63718 0.451804 0.069236 -1
0 2.063251 -1.669205 19.430935 0.442077 0.053673 -1
0 2.063251 -1.669205 19.430935 0.442077 0.053673 -1
0 2.321158 -1.445574 20.224689 0.432349 0.03811 -1
0 2.321158 -1.445574 20.224689 0.850855 0.786098 -1
0 2.509958 -0.834603 20.805758 0.864316 0.785956 -1
0 2.509958 -0.834603 20.805758 0.864316 0.785956 -1
0 2.579063 0 21.018442 0.882678 0.785896 -1
0 2.579063 0 21.018442 0.882678 0.785896 -1
0 6.752079 0 17.98657 0.882544 0.678377 -1
0 6.571157 0.834603 17.855124 0.900891 0.681296 -1
0 2.509958 0.834603 20.805758 0.901021 0.785934 -1
0 2.509958 0.834603 20.805758 0.078632 0.866575 -1
0 6.571157 0.834603 17.855124 0.007687 0.782006 -1
0 6.076871 1.445574 17.496004 0.020145 0.776974 -1
0 2.321158 1.445574 20.224689 0.085753 0.855182 -1
0 2.321158 1.445574 20.224689 0.085753 0.855182 -1
0 6.076871 1.445574 17.496004 0.020145 0.776974 -1
0 5.401662 1.669205 17.005438 0.037162 0.770101 -1
0 2.063251 1.669205 19.430935 0.09548 0.839619 -1
0 2.063251 1.669205 19.430935 0.09548 0.839619 -1
0 5.401662 1.669205 17.005438 0.037162 0.770101 -1
0 4.726455 1.445574 16.51487 0.054179 0.763228 -1
0 1.805345 1.445574 18.63718 0.105207 0.824057 -1
0 1.805345 1.445574 18.63718 0.105207 0.824057 -1
0 4.726455 1.445574 16.51487 0.054179 0.763228 -1
0 4.232168 0.834603 16.15575 0.066636 0.758197 -1
0 1.616544 0.834603 18.056112 0.112328 0.812664 -1
0 1.616544 0.834603 18.056112 0.927866 0.592298 -1
0 4.232168 0.834603 16.15575 0.927866 0.525008 -1
0 4.051247 0 16.024303 0.946218 0.527956 -1
0 1.547439 0 17.843428 0.946218 0.592369 -1
0 1.547439 0 17.843428 0.946218 0.592369 -1
0 4.051247 0 16.024303 0.946218 0.527956 -1
0 4.232168 -0.834603 16.15575 0.964571 0.525008 -1
0 1.616544 -0.834603 18.056112 0.964571 0.592298 -1
0 1.616544 -0.834603 18.056112 0.458925 0.080628 -1
0 4.232168 -0.834603 16.15575 0.413232 0.135095 -1
0 4.726455 -1.445574 16.51487 0.400775 0.130064 -1
0 1.805345 -1.445574 18.63718 0.451804 0.069236 -1
0 1.805345 -1.445574 18.63718 0.451804 0.069236 -1
0 4.726455 -1.445574 16.51487 0.400775 0.130064 -1
0 5.401662 -1.669205 17.005438 0.383758 0.123191 -1
0 2.063251 -1.669205 19.430935 0.442077 0.053673 -1
0 2.063251 -1.669205 19.430935 0.442077 0.053673 -1
0 5.401662 -1.669205 17.005438 0.383758 0.123191 -1
0 6.076871 -1.445574 17.496004 0.366741 0.116318 -1
0 2.321158 -1.445574 20.224689 0.432349 0.03811 -1
0 2.321158 -1.445574 20.224689 0.432349 0.03811 -1
0 6.076871 -1.445574 17.496004 0.366741 0.116318 -1
0 6.571157 -0.834603 17.855124 0.354283 0.111287 -1
0 2.509958 -0.834603 20.805758 0.425228 0.026717 -1
0 2.509958 -0.834603 20.805758 0.864316 0.785956 -1
0 6.571157 -0.834603 17.855124 0.864185 0.681318 -1
0 6.752079 0 17.98657 0.882544 0.678377 -1
0 2.579063 0 21.018442 0.882678 0.785896 -1
0 6.752079 0 17.98657 0.911091 0.291257 -1
0 8.346025 0 13.080904 0.911092 0.214248 -1
0 8.122396 0.834603 13.080904 0.929444 0.211846 -1
0 6.571157 0.834603 17.855124 0.929444 0.286792 -1
0 6.571157 0.834603 17.855124 0.007687 0.782006 -1
0 8.122396 0.834603 13.080904 0 0.671888 -1
0 7.511423 1.445574 13.080904 0.013036 0.675139 -1
0 6.076871 1.445574 17.496004 0.020145 0.776974 -1
0 6.076871 1.445574 17.496004 0.020145 0.776974 -1
0 7.511423 1.445574 13.080904 0.013036 0.675139 -1
0 6.67682 1.669205 13.080904 0.030843 0.679581 -1
0 5.401662 1.669205 17.005438 0.037162 0.770101 -1
0 5.401662 1.669205 17.005438 0.037162 0.770101 -1
0 6.67682 1.669205 13.080904 0.030843 0.679581 -1
0 5.842218 1.445574 13.080904 0.048649 0.684023 -1
0 4.726455 1.445574 16.51487 0.054179 0.763228 -1
0 4.726455 1.445574 16.51487 0.054179 0.763228 -1
0 5.842218 1.445574 13.080904 0.048649 0.684023 -1
0 5.231247 0.834603 13.080902 0.061685 0.687275 -1
0 4.232168 0.834603 16.15575 0.066636 0.758197 -1
0 4.232168 0.834603 16.15575 0.743333 0.751393 -1
0 5.231247 0.834603 13.080902 0.743333 0.806282 -1
0 5.007616 0 13.080902 0.72498 0.808081 -1
0 4.051247 0 16.024303 0.72498 0.755539 -1
0 4.051247 0 16.024303 0.72498 0.755539 -1
0 5.007616 0 13.080902 0.72498 0.808081 -1
0 5.231247 -0.834603 13.080902 0.706628 0.806282 -1
0 4.232168 -0.834603 16.15575 0.706628 0.751393 -1
0 4.232168 -0.834603 16.15575 0.413232 0.135095 -1
0 5.231247 -0.834603 13.080902 0.408281 0.206017 -1
0 5.842218 -1.445574 13.080904 0.395246 0.209269 -1
0 4.726455 -1.445574 16.51487 0.400775 0.130064 -1
0 4.726455 -1.445574 16.51487 0.400775 0.130064 -1
0 5.842218 -1.445574 13.080904 0.395246 0.209269 -1
0 6.67682 -1.669205 13.080904 0.377439 0.213711 -1
0 5.401662 -1.669205 17.005438 0.383758 0.123191 -1
0 5.401662 -1.669205 17.005438 0.383758 0.123191 -1
0 6.67682 -1.669205 13.080904 0.377439 0.213711 -1
0 7.511423 -1.445574 13.080904 0.359632 0.218153 -1
0 6.076871 -1.445574 17.496004 0.366741 0.116318 -1
0 6.076871 -1.445574 17.496004 0.366741 0.116318 -1
0 7.511423 -1.445574 13.080904 0.359632 0.218153 -1
0 8.122396 -0.834603 13.080904 0.346596 0.221405 -1
0 6.571157 -0.834603 17.855124 0.354283 0.111287 -1
0 6.571157 -0.834603 17.855124 0.892739 0.286792 -1
0 8.122396 -0.834603 13.080904 0.892739 0.211846 -1
0 8.346025 0 13.080904 0.911092 0.214248 -1
0 6.752079 0 17.98657 0.911091 0.291257 -1
0 8.346025 0 13.080904 0.911092 0.214248 -1
0 6.752079 0 8.175234 0.911092 0.102997 -1
0 6.571157 0.834603 8.306681 0.929444 0.103576 -1
0 8.122396 0.834603 13.080904 0.929444 0.211846 -1
0 8.122396 0.834603 13.080904 0.929444 0.211846 -1
0 6.571157 0.834603 8.306681 0.929444 0.103576 -1
0 6.07687 1.445574 8.6658 0.942879 0.105158 -1
0 7.511423 1.445574 13.080904 0.942879 0.205283 -1
0 7.511423 1.445574 13.080904 0.013036 0.675139 -1
0 6.07687 1.445574 8.6658 0.067141 0.588574 -1
0 5.401662 1.669205 9.156367 0.078937 0.602635 -1
0 6.67682 1.669205 13.080904 0.030843 0.679581 -1
0 6.67682 1.669205 13.080904 0.030843 0.679581 -1
0 5.401662 1.669205 9.156367 0.078937 0.602635 -1
0 4.726455 1.445574 9.646935 0.090732 0.616695 -1
0 5.842218 1.445574 13.080904 0.048649 0.684023 -1
0 5.842218 1.445574 13.080904 0.756768 0.801367 -1
0 4.726455 1.445574 9.646935 0.756768 0.88062 -1
0 4.232168 0.834603 10.006054 0.743333 0.877247 -1
0 5.231247 0.834603 13.080902 0.743333 0.806282 -1
0 5.231247 0.834603 13.080902 0.743333 0.806282 -1
0 4.232168 0.834603 10.006054 0.743333 0.877247 -1
0 4.051247 0 10.137501 0.72498 0.876013 -1
0 5.007616 0 13.080902 0.72498 0.808081 -1
0 5.007616 0 13.080902 0.72498 0.808081 -1
0 4.051247 0 10.137501 0.72498 0.876013 -1
0 4.232168 -0.834603 10.006054 0.706628 0.877247 -1
0 5.231247 -0.834603 13.080902 0.706628 0.806282 -1
0 5.231247 -0.834603 13.080902 0.706628 0.806282 -1
0 4.232168 -0.834603 10.006054 0.706628 0.877247 -1
0 4.726455 -1.445574 9.646935 0.693193 0.88062 -1
0 5.842218 -1.445574 13.080904 0.693193 0.801367 -1
0 5.842218 -1.445574 13.080904 0.395246 0.209269 -1
0 4.726455 -1.445574 9.646935 0.437328 0.276597 -1
0 5.401662 -1.669205 9.156367 0.425533 0.290658 -1
0 6.67682 -1.669205 13.080904 0.377439 0.213711 -1
0 6.67682 -1.669205 13.080904 0.377439 0.213711 -1
0 5.401662 -1.669205 9.156367 0.425533 0.290658 -1
0 6.07687 -1.445574 8.6658 0.413738 0.304718 -1
0 7.511423 -1.445574 13.080904 0.359632 0.218153 -1
0 7.511423 -1.445574 13.080904 0.879304 0.205283 -1
0 6.07687 -1.445574 8.6658 0.879304 0.105158 -1
0 6.571157 -0.834603 8.306681 0.892739 0.103576 -1
0 8.122396 -0.834603 13.080904 0.892739 0.211846 -1
0 8.122396 -0.834603 13.080904 0.892739 0.211846 -1
0 6.571157 -0.834603 8.306681 0.892739 0.103576 -1
0 6.752079 0 8.175234 0.911092 0.102997 -1
0 8.346025 0 13.080904 0.911092 0.214248 -1
0 6.752079 0 8.175234 0.911092 0.102997 -1
0 2.579063 0 5.143361 0.911091 0 -1
0 2.509959 0.834603 5.356046 0.929444 0.003339 -1
0 6.571157 0.834603 8.306681 0.929444 0.103576 -1
0 6.571157 0.834603 8.306681 0.058507 0.578282 -1
0 2.509959 0.834603 5.356046 0.16086 0.536942 -1
0 2.321157 1.445574 5.937114 0.161796 0.550345 -1
0 6.07687 1.445574 8.6658 0.067141 0.588574 -1
0 6.07687 1.445574 8.6658 0.067141 0.588574 -1
0 2.321157 1.445574 5.937114 0.161796 0.550345 -1
0 2.063251 1.669205 6.730868 0.163074 0.568653 -1
0 5.401662 1.669205 9.156367 0.078937 0.602635 -1
0 5.401662 1.669205 9.156367 0.078937 0.602635 -1
0 2.063251 1.669205 6.730868 0.163074 0.568653 -1
0 1.805345 1.445574 7.524622 0.164352 0.586961 -1
0 4.726455 1.445574 9.646935 0.090732 0.616695 -1
0 4.726455 1.445574 9.646935 0.090732 0.616695 -1
0 1.805345 1.445574 7.524622 0.164352 0.586961 -1
0 1.616544 0.834603 8.105692 0.165287 0.600363 -1
0 4.232168 0.834603 10.006054 0.099367 0.626988 -1
0 4.232168 0.834603 10.006054 0.743333 0.877247 -1
0 1.616544 0.834603 8.105692 0.743333 0.937181 -1
0 1.547439 0 8.318377 0.72498 0.933385 -1
0 4.051247 0 10.137501 0.72498 0.876013 -1
0 4.051247 0 10.137501 0.72498 0.876013 -1
0 1.547439 0 8.318377 0.72498 0.933385 -1
0 1.616544 -0.834603 8.105692 0.706628 0.937181 -1
0 4.232168 -0.834603 10.006054 0.706628 0.877247 -1
0 4.232168 -0.834603 10.006054 0.445963 0.266304 -1
0 1.616544 -0.834603 8.105692 0.511884 0.292929 -1
0 1.805345 -1.445574 7.524622 0.510948 0.306332 -1
0 4.726455 -1.445574 9.646935 0.437328 0.276597 -1
0 4.726455 -1.445574 9.646935 0.437328 0.276597 -1
0 1.805345 -1.445574 7.524622 0.510948 0.306332 -1
0 2.063251 -1.669205 6.730868 0.50967 0.32464 -1
0 5.401662 -1.669205 9.156367 0.425533 0.290658 -1
0 5.401662 -1.669205 9.156367 0.425533 0.290658 -1
0 2.063251 -1.669205 6.730868 0.50967 0.32464 -1
0 2.321157 -1.445574 5.937114 0.508392 0.342948 -1
0 6.07687 -1.445574 8.6658 0.413738 0.304718 -1
0 6.07687 -1.445574 8.6658 0.413738 0.304718 -1
0 2.321157 -1.445574 5.937114 0.508392 0.342948 -1
0 2.509959 -0.834603 5.356046 0.507456 0.35635 -1
0 6.571157 -0.834603 8.306681 0.405103 0.315011 -1
0 6.571157 -0.834603 8.306681 0.892739 0.103576 -1
0 2.509959 -0.834603 5.356046 0.892739 0.003339 -1
0 2.579063 0 5.143361 0.911091 0 -1
0 6.752079 0 8.175234 0.911092 0.102997 -1
0 -8.122395 0.834603 13.080902 0.346596 0.758347 -1
0 -7.511423 1.445574 13.080902 0.333561 0.755095 -1
0 -6.076872 1.445574 8.6658 0.326452 0.65326 -1
0 -6.571157 0.834603 8.30668 0.338909 0.648229 -1
0 -7.511423 1.445574 13.080902 0.333561 0.755095 -1
0 -6.676821 1.669205 13.080902 0.315754 0.750653 -1
0 -5.401663 1.669205 9.156366 0.309435 0.660133 -1
0 -6.076872 1.445574 8.6658 0.326452 0.65326 -1
0 -6.676821 1.669205 13.080902 0.315754 0.750653 -1
0 -5.842218 1.445574 13.080902 0.297947 0.746211 -1
0 -4.726455 1.445574 9.646935 0.292418 0.667006 -1
0 -5.401663 1.669205 9.156366 0.309435 0.660133 -1
0 -5.842218 1.445574 13.080902 0.297947 0.746211 -1
0 -5.231247 0.834603 13.080902 0.284911 0.742959 -1
0 -4.232169 0.834603 10.006054 0.27996 0.672038 -1
0 -4.726455 1.445574 9.646935 0.292418 0.667006 -1
0 -5.231247 0.834603 13.080902 0.806908 0.799662 -1
0 -5.007616 0 13.080902 0.788556 0.802064 -1
0 -4.051248 0 10.137501 0.788556 0.755858 -1
0 -4.232169 0.834603 10.006054 0.806908 0.751393 -1
0 -5.007616 0 13.080902 0.788556 0.802064 -1
0 -5.231247 -0.834603 13.080902 0.770203 0.799662 -1
0 -4.232169 -0.834603 10.006054 0.770203 0.751393 -1
0 -4.051248 0 10.137501 0.788556 0.755858 -1
0 -5.231247 -0.834603 13.080902 0.631508 0.150333 -1
0 -5.842218 -1.445574 13.080902 0.644543 0.147081 -1
0 -4.726455 -1.445574 9.646935 0.639014 0.226286 -1
0 -4.232169 -0.834603 10.006054 0.626557 0.221255 -1
0 -5.842218 -1.445574 13.080902 0.644543 0.147081 -1
0 -6.676821 -1.669205 13.080902 0.66235 0.142639 -1
0 -5.401663 -1.669205 9.156366 0.656031 0.233159 -1
0 -4.726455 -1.445574 9.646935 0.639014 0.226286 -1
0 -6.676821 -1.669205 13.080902 0.66235 0.142639 -1
0 -7.511423 -1.445574 13.080902 0.680157 0.138197 -1
0 -6.076872 -1.445574 8.6658 0.673048 0.240032 -1
0 -5.401663 -1.669205 9.156366 0.656031 0.233159 -1
0 -8.122395 -0.834603 13.080902 0.86429 0.589006 -1
0 -8.346025 0 13.080902 0.882643 0.590805 -1
0 -6.752078 0 8.175233 0.882643 0.678377 -1
0 -6.571157 -0.834603 8.30668 0.86429 0.674231 -1
0 -6.752078 0 8.175233 0.969489 0.667963 -1
0 -6.571157 0.834603 8.30668 0.987841 0.67091 -1
0 -2.509958 0.834603 5.356046 0.987841 0.775389 -1
0 -2.579063 0 5.143361 0.969489 0.775318 -1
0 -6.076872 1.445574 8.6658 0.326452 0.65326 -1
0 -5.401663 1.669205 9.156366 0.309435 0.660133 -1
0 -2.063251 1.669205 6.730869 0.251116 0.590615 -1
0 -2.321158 1.445574 5.937114 0.260843 0.575052 -1
0 -4.726455 1.445574 9.646935 0.292418 0.667006 -1
0 -4.232169 0.834603 10.006054 0.27996 0.672038 -1
0 -1.616545 0.834603 8.105692 0.234268 0.617571 -1
0 -1.805346 1.445574 7.524622 0.241389 0.606178 -1
0 -4.232169 -0.834603 10.006054 0.626557 0.221255 -1
0 -4.726455 -1.445574 9.646935 0.639014 0.226286 -1
0 -1.805346 -1.445574 7.524622 0.587985 0.287114 -1
0 -1.616545 -0.834603 8.105692 0.580864 0.275722 -1
0 -4.726455 -1.445574 9.646935 0.639014 0.226286 -1
0 -5.401663 -1.669205 9.156366 0.656031 0.233159 -1
0 -2.063251 -1.669205 6.730869 0.597712 0.302677 -1
0 -1.805346 -1.445574 7.524622 0.587985 0.287114 -1
0 -6.571157 -0.834603 8.30668 0.951136 0.67091 -1
0 -6.752078 0 8.175233 0.969489 0.667963 -1
0 -2.579063 0 5.143361 0.969489 0.775318 -1
0 -2.509958 -0.834603 5.356046 0.951136 0.775389 -1
0 -2.063251 -1.669205 6.730869 0.597712 0.302677 -1
0 -2.321158 -1.445574 5.937114 0.60744 0.31824 -1
0 0 -1.445574 5.937114 0.557916 0.330594 -1
0 0 -1.669205 6.730869 0.553691 0.313658 -1
0 -1.805346 -1.445574 7.524622 0.587985 0.287114 -1
0 -2.063251 -1.669205 6.730869 0.597712 0.302677 -1
0 0 -1.669205 6.730869 0.553691 0.313658 -1
0 0 -1.445574 7.524622 0.549467 0.296723 -1
0 -1.616545 0.834603 8.105692 0.92784 0.449381 -1
0 -1.547439 0 8.318377 0.946183 0.449419 -1
0 0 0 8.318377 0.946183 0.481885 -1
0 0 0.834603 8.105692 0.92784 0.483297 -1
0 -2.321158 1.445574 5.937114 0.260843 0.575052 -1
0 -2.063251 1.669205 6.730869 0.251116 0.590615 -1
0 0 1.669205 6.730869 0.207095 0.579634 -1
0 0 1.445574 5.937114 0.21132 0.562699 -1
0 -2.063251 1.669205 6.730869 0.251116 0.590615 -1
0 -1.805346 1.445574 7.524622 0.241389 0.606178 -1
0 0 1.445574 7.524622 0.20287 0.596569 -1
0 0 1.669205 6.730869 0.207095 0.579634 -1
0 -6.571157 0.834603 8.30668 0.338909 0.648229 -1
0 -6.076872 1.445574 8.6658 0.326452 0.65326 -1
0 -2.321158 1.445574 5.937114 0.260843 0.575052 -1
0 -2.509958 0.834603 5.356046 0.267964 0.56366 -1
0 -5.401663 1.669205 9.156366 0.309435 0.660133 -1
0 -4.726455 1.445574 9.646935 0.292418 0.667006 -1
0 -1.805346 1.445574 7.524622 0.241389 0.606178 -1
0 -2.063251 1.669205 6.730869 0.251116 0.590615 -1
0 -4.232169 0.834603 10.006054 0.927756 0.381989 -1
0 -4.051248 0 10.137501 0.946103 0.384908 -1
0 -1.547439 0 8.318377 0.946183 0.449419 -1
0 -1.616545 0.834603 8.105692 0.92784 0.449381 -1
0 -4.051248 0 10.137501 0.946103 0.384908 -1
0 -4.232169 -0.834603 10.006054 0.964461 0.381967 -1
0 -1.616545 -0.834603 8.105692 0.964545 0.449359 -1
0 -1.547439 0 8.318377 0.946183 0.449419 -1
0 -5.401663 -1.669205 9.156366 0.656031 0.233159 -1
0 -6.076872 -1.445574 8.6658 0.673048 0.240032 -1
0 -2.321158 -1.445574 5.937114 0.60744 0.31824 -1
0 -2.063251 -1.669205 6.730869 0.597712 0.302677 -1
0 -6.076872 -1.445574 8.6658 0.673048 0.240032 -1
0 -6.571157 -0.834603 8.30668 0.685505 0.245064 -1
0 -2.509958 -0.834603 5.356046 0.614561 0.329633 -1
0 -2.321158 -1.445574 5.937114 0.60744 0.31824 -1
0 0 -0.834603 18.056112 0.964571 0.626261 -1
0 0 -1.445574 18.63718 0.978006 0.630033 -1
0 -1.805346 -1.445574 18.63718 0.978006 0.667963 -1
0 -1.616545 -0.834603 18.056112 0.964571 0.660224 -1
0 -2.321158 -1.445574 5.937114 0.60744 0.31824 -1
0 -2.509958 -0.834603 5.356046 0.614561 0.329633 -1
0 -1.104848 -0.834603 5.356046 0.584581 0.337111 -1
0 0 -1.06506 5.375623 0.560904 0.342574 -1
0 0 -1.445574 5.937114 0.557916 0.330594 -1
0 -1.616545 -0.834603 8.105692 0.964545 0.449359 -1
0 -1.805346 -1.445574 7.524622 0.978006 0.449217 -1
0 0 -1.445574 7.524622 0.978006 0.487094 -1
0 0 -0.834603 8.105692 0.964545 0.483274 -1
0 -1.547439 0 8.318377 0.946183 0.449419 -1
0 -1.616545 -0.834603 8.105692 0.964545 0.449359 -1
0 0 -0.834603 8.105692 0.964545 0.483274 -1
0 0 0 8.318377 0.946183 0.481885 -1
0 -2.509958 0.834603 5.356046 0.267964 0.56366 -1
0 -2.321158 1.445574 5.937114 0.260843 0.575052 -1
0 0 1.445574 5.937114 0.21132 0.562699 -1
0 0 1.06506 5.375623 0.214308 0.550719 -1
0 -1.104849 0.834603 5.356047 0.237985 0.556181 -1
0 -1.805346 1.445574 7.524622 0.91443 0.449256 -1
0 -1.616545 0.834603 8.105692 0.92784 0.449381 -1
0 0 0.834603 8.105692 0.92784 0.483297 -1
0 0 1.445574 7.524622 0.91443 0.487132 -1
0 -4.726455 -1.445574 16.51487 0.602461 0.079753 -1
0 -5.401663 -1.669205 17.005436 0.614256 0.065693 -1
0 -6.676821 -1.669205 13.080902 0.66235 0.142639 -1
0 -5.842218 -1.445574 13.080902 0.644543 0.147081 -1
0 -6.571157 -0.834603 17.855124 0.86429 0.478821 -1
0 -6.752078 0 17.98657 0.882643 0.477587 -1
0 -8.346025 0 13.080902 0.882643 0.590805 -1
0 -8.122395 -0.834603 13.080902 0.86429 0.589006 -1
0 -4.051248 0 16.024303 0.788556 0.868814 -1
0 -4.232168 -0.834603 16.15575 0.770203 0.869393 -1
0 -5.231247 -0.834603 13.080902 0.770203 0.799662 -1
0 -5.007616 0 13.080902 0.788556 0.802064 -1
0 -4.232168 0.834603 16.15575 0.806908 0.869393 -1
0 -4.051248 0 16.024303 0.788556 0.868814 -1
0 -5.007616 0 13.080902 0.788556 0.802064 -1
0 -5.231247 0.834603 13.080902 0.806908 0.799662 -1
0 -2.321158 1.445574 20.224689 0.184801 0.87989 -1
0 -2.063251 1.669205 19.430935 0.183523 0.861582 -1
0 -5.401663 1.669205 17.005436 0.26766 0.8276 -1
0 -6.076871 1.445574 17.496004 0.279455 0.84166 -1
0 -2.509958 0.834603 20.805758 0.185736 0.893292 -1
0 -2.321158 1.445574 20.224689 0.184801 0.87989 -1
0 -6.076871 1.445574 17.496004 0.279455 0.84166 -1
0 -6.571157 0.834603 17.855124 0.288089 0.851953 -1
0 1.616544 -0.834603 18.056112 0.964571 0.592298 -1
0 1.805345 -1.445574 18.63718 0.978006 0.592104 -1
0 2.321157 -1.445574 5.937114 0.508392 0.342948 -1
0 0 -1.445574 5.937114 0.557916 0.330594 -1
0 0 -1.06506 5.375623 0.560904 0.342574 -1
0 1.104848 -0.834603 5.356046 0.537436 0.348872 -1
0 2.509959 -0.834603 5.356046 0.507456 0.35635 -1
0 2.063251 -1.669205 6.730868 0.50967 0.32464 -1
0 2.321157 -1.445574 5.937114 0.508392 0.342948 -1
0 1.805345 -1.445574 7.524622 0.510948 0.306332 -1
0 2.063251 -1.669205 6.730868 0.50967 0.32464 -1
0 1.616544 -0.834603 8.105692 0.964545 0.51719 -1
0 1.805345 -1.445574 7.524622 0.978006 0.52497 -1
0 1.547439 0 8.318377 0.946183 0.51435 -1
0 1.616544 -0.834603 8.105692 0.964545 0.51719 -1
0 1.616544 0.834603 8.105692 0.92784 0.517212 -1
0 1.547439 0 8.318377 0.946183 0.51435 -1
0 1.805345 1.445574 7.524622 0.91443 0.525008 -1
0 1.616544 0.834603 8.105692 0.92784 0.517212 -1
0 2.063251 1.669205 6.730868 0.163074 0.568653 -1
0 1.805345 1.445574 7.524622 0.164352 0.586961 -1
0 2.321157 1.445574 5.937114 0.161796 0.550345 -1
0 2.063251 1.669205 6.730868 0.163074 0.568653 -1
0 2.509959 0.834603 5.356046 0.16086 0.536942 -1
0 1.104849 0.834603 5.356046 0.190839 0.544421 -1
0 0 1.06506 5.375623 0.214308 0.550719 -1
0 0 1.445574 5.937114 0.21132 0.562699 -1
0 2.321157 1.445574 5.937114 0.161796 0.550345 -1
0 -7.511423 -1.445574 13.080902 0.680157 0.138197 -1
0 -8.122395 -0.834603 13.080902 0.693193 0.134945 -1
0 -6.571157 -0.834603 8.30668 0.685505 0.245064 -1
0 -6.076872 -1.445574 8.6658 0.673048 0.240032 -1
0 -8.346025 0 13.080902 0.882643 0.590805 -1
0 -8.122395 0.834603 13.080902 0.900995 0.589006 -1
0 -6.571157 0.834603 8.30668 0.900995 0.674231 -1
0 -6.752078 0 8.175233 0.882643 0.678377 -1
0 1.354848 0 5.143361 0.669448 0.975858 -1
0 1.104849 0.834603 5.356046 0.676081 0.994211 -1
0 2.509959 0.834603 5.356046 0.64656 0.994211 -1
0 2.579063 0 5.143361 0.643727 0.975858 -1
0 1.104848 -0.834603 5.356046 0.676081 0.957506 -1
0 1.354848 0 5.143361 0.669448 0.975858 -1
0 2.579063 0 5.143361 0.643727 0.975858 -1
0 2.509959 -0.834603 5.356046 0.64656 0.957506 -1
0 -2.321158 -1.445574 20.224689 0.531397 0.013402 -1
0 -2.509958 -0.834603 20.805758 0.532333 0 -1
0 -6.571157 -0.834603 17.855124 0.634686 0.041339 -1
0 -6.076871 -1.445574 17.496004 0.626051 0.051632 -1
0 -6.571157 0.834603 17.855124 0.900995 0.478821 -1
0 -6.076871 1.445574 17.496004 0.91443 0.482194 -1
0 -7.511423 1.445574 13.080902 0.91443 0.584091 -1
0 -8.122395 0.834603 13.080902 0.900995 0.589006 -1
0 -1.547439 0 17.843428 0.788556 0.930613 -1
0 -1.616545 -0.834603 18.056112 0.770203 0.933952 -1
0 -4.232168 -0.834603 16.15575 0.770203 0.869393 -1
0 -4.051248 0 16.024303 0.788556 0.868814 -1
0 -2.063251 -1.669205 19.430935 0.530119 0.031711 -1
0 -2.321158 -1.445574 20.224689 0.531397 0.013402 -1
0 -6.076871 -1.445574 17.496004 0.626051 0.051632 -1
0 -5.401663 -1.669205 17.005436 0.614256 0.065693 -1
0 -6.076871 1.445574 17.496004 0.279455 0.84166 -1
0 -5.401663 1.669205 17.005436 0.26766 0.8276 -1
0 -6.676821 1.669205 13.080902 0.315754 0.750653 -1
0 -7.511423 1.445574 13.080902 0.333561 0.755095 -1
0 -1.616545 0.834603 18.056112 0.806908 0.933952 -1
0 -1.547439 0 17.843428 0.788556 0.930613 -1
0 -4.051248 0 16.024303 0.788556 0.868814 -1
0 -4.232168 0.834603 16.15575 0.806908 0.869393 -1
0 -1.354848 0 5.14336 0.969489 0.801039 -1
0 -2.579063 0 5.143361 0.969489 0.775318 -1
0 -2.509958 0.834603 5.356046 0.987841 0.775389 -1
0 -1.104849 0.834603 5.356047 0.987841 0.80491 -1
0 -1.104848 -0.834603 5.356046 0.951136 0.80491 -1
0 -2.509958 -0.834603 5.356046 0.951136 0.775389 -1
0 -2.579063 0 5.143361 0.969489 0.775318 -1
0 -1.354848 0 5.14336 0.969489 0.801039 -1
0 0 -1.06506 -0.097804 0.590035 0.459354 -1
0 -1.104847 -0.834603 -0.10745 0.61366 0.453679 -1
0 -1.104847 -0.834603 -1.200017 0.619475 0.47699 -1
0 -1.104847 -0.834602 -5.414848 0.641907 0.566917 -1
0 0.000001 -1.06506 -5.414848 0.618334 0.572798 -1
0 1.104848 -0.834603 -0.10745 0.566514 0.46544 -1
0 0 -1.06506 -0.097804 0.590035 0.459354 -1
0 0.000001 -1.06506 -5.414848 0.618334 0.572798 -1
0 1.104849 -0.834602 -5.414848 0.594761 0.578678 -1
0 1.104848 -0.834603 -1.160895 0.572121 0.487916 -1
0 -1.104847 0.834603 -0.107449 0.267063 0.439613 -1
0 0 1.06506 -0.097804 0.243439 0.433939 -1
0 0.000001 1.06506 -5.414848 0.271738 0.320495 -1
0 -1.104847 0.834602 -5.414847 0.295311 0.326375 -1
0 -1.104848 0.834603 -1.20002 0.272878 0.416302 -1
0 0 1.06506 -0.097804 0.243439 0.433939 -1
0 1.104849 0.834603 -0.10745 0.219918 0.427852 -1
0 1.104849 0.834603 -1.160895 0.225524 0.405376 -1
0 1.10485 0.834602 -5.414848 0.248165 0.314615 -1
0 0.000001 1.06506 -5.414848 0.271738 0.320495 -1
0 -1.104847 0.834602 -5.414847 0.295311 0.326375 -1
0 0.000001 1.06506 -5.414848 0.271738 0.320495 -1
0 2.600001 1.06506 -7.714846 0.228506 0.257585 -1
0 1.495152 0.834602 -7.714846 0.252079 0.263465 -1
0 0.000001 1.06506 -5.414848 0.271738 0.320495 -1
0 1.10485 0.834602 -5.414848 0.248165 0.314615 -1
0 3.70485 0.834602 -7.714849 0.204933 0.251704 -1
0 2.600001 1.06506 -7.714846 0.228506 0.257585 -1
0 1.354849 0 -5.414848 0.432756 0.898553 -1
0 1.104849 -0.834602 -5.414848 0.451117 0.893324 -1
0 3.704849 -0.834602 -7.714846 0.451117 0.963021 -1
0 3.95485 0 -7.714849 0.432756 0.96825 -1
0 -1.104847 -0.834602 -5.414848 0.451117 0.898545 -1
0 -1.354847 0 -5.414848 0.469469 0.893292 -1
0 1.245153 0 -7.714849 0.469469 0.962848 -1
0 1.495154 -0.834602 -7.714849 0.451117 0.968101 -1
0 1.495152 0.834602 -7.714846 0.252079 0.263465 -1
0 2.600001 1.06506 -7.714846 0.228506 0.257585 -1
0 -0.999998 1.06506 -10.314848 0.319153 0.221272 -1
0 -2.104847 0.834602 -10.314848 0.342726 0.227152 -1
0 2.600001 1.06506 -7.714846 0.228506 0.257585 -1
0 3.70485 0.834602 -7.714849 0.204933 0.251704 -1
0 0.104851 0.834602 -10.314848 0.29558 0.215391 -1
0 -0.999998 1.06506 -10.314848 0.319153 0.221272 -1
0 3.95485 0 -7.714849 0.172799 0.984533 -1
0 3.704849 -0.834602 -7.714846 0.154447 0.981848 -1
0 0.104849 -0.834602 -10.314848 0.154447 0.893292 -1
0 0.35485 0 -10.314848 0.172799 0.895977 -1
0 1.495154 -0.834602 -7.714849 0.301268 0.893292 -1
0 1.245153 0 -7.714849 0.31962 0.895304 -1
0 -2.354845 0 -10.314848 0.31962 0.977476 -1
0 -2.104846 -0.834602 -10.314848 0.301268 0.975464 -1
0 1.104849 -0.834602 -5.414848 0.594761 0.578678 -1
0 0.000001 -1.06506 -5.414848 0.618334 0.572798 -1
0 2.600001 -1.06506 -7.714846 0.575102 0.635708 -1
0 3.704849 -0.834602 -7.714846 0.55153 0.641588 -1
0 0.000001 -1.06506 -5.414848 0.618334 0.572798 -1
0 -1.104847 -0.834602 -5.414848 0.641907 0.566917 -1
0 1.495154 -0.834602 -7.714849 0.598675 0.629828 -1
0 2.600001 -1.06506 -7.714846 0.575102 0.635708 -1
0 -1.354847 0 -5.414848 0.469469 0.893292 -1
0 -1.104847 0.834602 -5.414847 0.487822 0.898545 -1
0 1.495152 0.834602 -7.714846 0.487822 0.968101 -1
0 1.245153 0 -7.714849 0.469469 0.962848 -1
0 1.10485 0.834602 -5.414848 0.414412 0.893292 -1
0 1.354849 0 -5.414848 0.432756 0.898553 -1
0 3.95485 0 -7.714849 0.432756 0.96825 -1
0 3.70485 0.834602 -7.714849 0.414412 0.962989 -1
0 -2.104846 -0.834602 -10.314848 0.117741 0.898545 -1
0 -2.354845 0 -10.314848 0.136094 0.893292 -1
0 1.345155 0 -13.114853 0.136094 0.989205 -1
0 1.595154 -0.834602 -13.114853 0.117741 0.994457 -1
0 0.104851 0.834602 -10.314848 0.081036 0.893292 -1
0 0.35485 0 -10.314848 0.099382 0.89855 -1
0 4.054849 0 -13.114855 0.099382 0.994618 -1
0 3.804851 0.834602 -13.114853 0.081036 0.989361 -1
0 -2.354845 0 -10.314848 0.136094 0.893292 -1
0 -2.104847 0.834602 -10.314848 0.154447 0.898545 -1
0 1.595154 0.834602 -13.114853 0.154447 0.994457 -1
0 1.345155 0 -13.114853 0.136094 0.989205 -1
0 -0.999998 -1.06506 -10.314848 0.665749 0.672021 -1
0 -2.104846 -0.834602 -10.314848 0.689322 0.666141 -1
0 1.595154 -0.834602 -13.114853 0.625282 0.745574 -1
0 2.700003 -1.06506 -13.114853 0.601709 0.751454 -1
0 3.704849 -0.834602 -7.714846 0.55153 0.641588 -1
0 2.600001 -1.06506 -7.714846 0.575102 0.635708 -1
0 -0.999998 -1.06506 -10.314848 0.665749 0.672021 -1
0 0.104849 -0.834602 -10.314848 0.642177 0.677901 -1
0 2.600001 -1.06506 -7.714846 0.575102 0.635708 -1
0 1.495154 -0.834602 -7.714849 0.598675 0.629828 -1
0 -2.104846 -0.834602 -10.314848 0.689322 0.666141 -1
0 -0.999998 -1.06506 -10.314848 0.665749 0.672021 -1
0 1.245153 0 -7.714849 0.31962 0.895304 -1
0 1.495152 0.834602 -7.714846 0.337973 0.893292 -1
0 -2.104847 0.834602 -10.314848 0.337973 0.975464 -1
0 -2.354845 0 -10.314848 0.31962 0.977476 -1
0 3.70485 0.834602 -7.714849 0.191152 0.981848 -1
0 3.95485 0 -7.714849 0.172799 0.984533 -1
0 0.35485 0 -10.314848 0.172799 0.895977 -1
0 0.104851 0.834602 -10.314848 0.191152 0.893292 -1
0 1.595154 0.834602 -13.114853 0.278686 0.147719 -1
0 2.700003 1.06506 -13.114853 0.255113 0.141839 -1
0 1.200001 1.06506 -14.514856 0.294568 0.119952 -1
0 0.095154 0.834602 -14.514854 0.318141 0.125832 -1
0 2.700003 1.06506 -13.114853 0.255113 0.141839 -1
0 3.804851 0.834602 -13.114853 0.23154 0.135958 -1
0 2.30485 0.834602 -14.514856 0.270995 0.114071 -1
0 1.200001 1.06506 -14.514856 0.294568 0.119952 -1
0 4.054849 0 -13.114855 0.932783 0.825972 -1
0 3.804849 -0.834602 -13.114855 0.914431 0.823287 -1
0 2.30485 -0.834602 -14.514856 0.914431 0.780313 -1
0 2.554849 0 -14.514856 0.932783 0.782998 -1
0 1.595154 -0.834602 -13.114853 0.914431 0.825972 -1
0 1.345155 0 -13.114853 0.932783 0.827984 -1
0 -0.154846 0 -14.514856 0.932783 0.868703 -1
0 0.095155 -0.834602 -14.514856 0.914431 0.866691 -1
0 0.35485 0 -10.314848 0.099382 0.89855 -1
0 0.104849 -0.834602 -10.314848 0.117741 0.893317 -1
0 3.804849 -0.834602 -13.114855 0.117741 0.989386 -1
0 4.054849 0 -13.114855 0.099382 0.994618 -1
0 -0.999998 1.06506 -10.314848 0.319153 0.221272 -1
0 0.104851 0.834602 -10.314848 0.29558 0.215391 -1
0 3.804851 0.834602 -13.114853 0.23154 0.135958 -1
0 2.700003 1.06506 -13.114853 0.255113 0.141839 -1
0 -2.104847 0.834602 -10.314848 0.342726 0.227152 -1
0 -0.999998 1.06506 -10.314848 0.319153 0.221272 -1
0 2.700003 1.06506 -13.114853 0.255113 0.141839 -1
0 1.595154 0.834602 -13.114853 0.278686 0.147719 -1
0 0.104849 -0.834602 -10.314848 0.642177 0.677901 -1
0 -0.999998 -1.06506 -10.314848 0.665749 0.672021 -1
0 2.700003 -1.06506 -13.114853 0.601709 0.751454 -1
0 3.804849 -0.834602 -13.114855 0.578136 0.757334 -1
0 2.554849 0 -14.514856 0.932783 0.782998 -1
0 2.30485 -0.834602 -14.514856 0.914431 0.780313 -1
0 2.30485 -0.834602 -19.214848 0.914431 0.690129 -1
0 2.554851 0 -19.214848 0.932783 0.692815 -1
0 0.095155 -0.834602 -14.514856 0.914431 0.866691 -1
0 -0.154846 0 -14.514856 0.932783 0.868703 -1
0 -0.154844 0 -19.214848 0.932783 0.964888 -1
0 0.095154 -0.834602 -19.214846 0.914431 0.962877 -1
0 2.30485 0.834602 -14.514856 0.951136 0.780313 -1
0 2.554849 0 -14.514856 0.932783 0.782998 -1
0 2.554851 0 -19.214848 0.932783 0.692815 -1
0 2.304851 0.834602 -19.214848 0.951136 0.690129 -1
0 -0.154846 0 -14.514856 0.932783 0.868703 -1
0 0.095154 0.834602 -14.514854 0.951136 0.866691 -1
0 0.095154 0.834602 -19.214846 0.951136 0.962877 -1
0 -0.154844 0 -19.214848 0.932783 0.964888 -1
0 3.804849 -0.834602 -13.114855 0.578136 0.757334 -1
0 2.700003 -1.06506 -13.114853 0.601709 0.751454 -1
0 1.200001 -1.06506 -14.514856 0.641164 0.773341 -1
0 2.30485 -0.834602 -14.514856 0.617591 0.779221 -1
0 2.700003 -1.06506 -13.114853 0.601709 0.751454 -1
0 1.595154 -0.834602 -13.114853 0.625282 0.745574 -1
0 0.095155 -0.834602 -14.514856 0.664737 0.76746 -1
0 1.200001 -1.06506 -14.514856 0.641164 0.773341 -1
0 1.345155 0 -13.114853 0.932783 0.827984 -1
0 1.595154 0.834602 -13.114853 0.951136 0.825972 -1
0 0.095154 0.834602 -14.514854 0.951136 0.866691 -1
0 -0.154846 0 -14.514856 0.932783 0.868703 -1
0 3.804851 0.834602 -13.114853 0.951136 0.823287 -1
0 4.054849 0 -13.114855 0.932783 0.825972 -1
0 2.554849 0 -14.514856 0.932783 0.782998 -1
0 2.30485 0.834602 -14.514856 0.951136 0.780313 -1
0 1.200002 -1.06506 -19.214848 0.666179 0.873619 -1
0 0.095154 -0.834602 -19.214846 0.689752 0.867738 -1
0 0.095154 -0.834602 -19.86133 0.693193 0.881532 -1
0 1.200002 -1.06506 -19.86133 0.66962 0.887412 -1
0 2.30485 -0.834602 -19.214848 0.642606 0.879499 -1
0 1.200002 -1.06506 -19.214848 0.666179 0.873619 -1
0 1.200002 -1.06506 -19.86133 0.66962 0.887412 -1
0 2.30485 -0.834602 -19.861326 0.646047 0.893292 -1
0 0.095154 0.834602 -19.214846 0.343156 0.025554 -1
0 1.200002 1.06506 -19.214848 0.319583 0.019673 -1
0 1.200002 1.06506 -19.86133 0.323023 0.00588 -1
0 0.095154 0.834602 -19.86133 0.346596 0.011761 -1
0 1.200002 1.06506 -19.214848 0.319583 0.019673 -1
0 2.304851 0.834602 -19.214848 0.29601 0.013793 -1
0 2.304851 0.834602 -19.861326 0.299451 0 -1
0 1.200002 1.06506 -19.86133 0.323023 0.00588 -1
0 1.200001 1.06506 -14.514856 0.294568 0.119952 -1
0 2.30485 0.834602 -14.514856 0.270995 0.114071 -1
0 0.095154 0.834602 -14.514854 0.318141 0.125832 -1
0 1.200001 1.06506 -14.514856 0.294568 0.119952 -1
0 2.30485 -0.834602 -14.514856 0.617591 0.779221 -1
0 1.200001 -1.06506 -14.514856 0.641164 0.773341 -1
0 1.200001 -1.06506 -14.514856 0.641164 0.773341 -1
0 0.095155 -0.834602 -14.514856 0.664737 0.76746 -1
0 1.200002 0 -20.199411 0.874275 0.924774 -1
0 0.24951 0 -20.199411 0.874275 0.904804 -1
0 0.400033 0.502508 -20.199413 0.885325 0.907967 -1
0 1.200002 0.669371 -20.199411 0.888995 0.924774 -1
0 1.99997 0.502508 -20.199413 0.885325 0.941581 -1
0 2.150494 0 -20.199411 0.874276 0.944743 -1
0 1.200002 -0.669371 -20.199411 0.859556 0.924774 -1
0 1.999969 -0.502508 -20.199413 0.863226 0.941581 -1
0 0.400033 -0.502508 -20.199413 0.863225 0.907967 -1
0 0.095154 0.834602 -19.86133 0.951136 0.976107 -1
0 -0.154846 0 -19.861326 0.932783 0.978119 -1
0 2.554849 0 -19.861326 0.932783 0.68041 -1
0 2.304851 0.834602 -19.861326 0.951136 0.677725 -1
0 -0.154846 0 -19.861326 0.932783 0.978119 -1
0 0.095154 -0.834602 -19.86133 0.914431 0.976107 -1
0 2.30485 -0.834602 -19.861326 0.914431 0.677725 -1
0 2.554849 0 -19.861326 0.932783 0.68041 -1
0 1.200002 -0.669371 -20.199411 0.859556 0.924774 -1
0 1.999969 -0.502508 -20.199413 0.863226 0.941581 -1
0 2.30485 -0.834602 -19.861326 0.855923 0.945791 -1
0 1.200002 -1.06506 -19.86133 0.850855 0.922579 -1
0 1.99997 0.502508 -20.199413 0.885325 0.941581 -1
0 1.200002 0.669371 -20.199411 0.888995 0.924774 -1
0 1.200002 1.06506 -19.86133 0.897696 0.922579 -1
0 2.304851 0.834602 -19.861326 0.892628 0.945791 -1
0 2.150494 0 -20.199411 0.932783 0.66958 -1
0 1.99997 0.502508 -20.199413 0.943833 0.667963 -1
0 2.304851 0.834602 -19.861326 0.951136 0.677725 -1
0 2.554849 0 -19.861326 0.932783 0.68041 -1
0 1.999969 -0.502508 -20.199413 0.921733 0.667963 -1
0 2.150494 0 -20.199411 0.932783 0.66958 -1
0 2.554849 0 -19.861326 0.932783 0.68041 -1
0 2.30485 -0.834602 -19.861326 0.914431 0.677725 -1
0 0.400033 0.502508 -20.199413 0.885325 0.907967 -1
0 0.24951 0 -20.199411 0.874275 0.904804 -1
0 -0.154846 0 -19.861326 0.874275 0.894114 -1
0 0.095154 0.834602 -19.86133 0.892628 0.899367 -1
0 0.24951 0 -20.199411 0.874275 0.904804 -1
0 0.400033 -0.502508 -20.199413 0.863225 0.907967 -1
0 0.095154 -0.834602 -19.86133 0.855923 0.899367 -1
0 -0.154846 0 -19.861326 0.874275 0.894114 -1
0 0.400033 -0.502508 -20.199413 0.863225 0.907967 -1
0 1.200002 -0.669371 -20.199411 0.859556 0.924774 -1
0 1.200002 -1.06506 -19.86133 0.850855 0.922579 -1
0 0.095154 -0.834602 -19.86133 0.855923 0.899367 -1
0 1.200002 0.669371 -20.199411 0.888995 0.924774 -1
0 0.400033 0.502508 -20.199413 0.885325 0.907967 -1
0 0.095154 0.834602 -19.86133 0.892628 0.899367 -1
0 1.200002 1.06506 -19.86133 0.897696 0.922579 -1
0 -1.354847 0 -1.451764 0.24621 0.900456 -1
0 -1.104848 0.834603 -1.20002 0.264562 0.893292 -1
0 -1.104847 0.834602 -5.414847 0.264562 0.979549 -1
0 -1.354847 0 -5.414848 0.24621 0.981561 -1
0 -1.104847 -0.834603 -1.200017 0.227857 0.893292 -1
0 -1.354847 0 -1.451764 0.24621 0.900456 -1
0 -1.354847 0 -5.414848 0.24621 0.981561 -1
0 -1.104847 -0.834602 -5.414848 0.227857 0.979549 -1
0 1.354848 0 -1.417887 0.356325 0.972671 -1
0 1.104848 -0.834603 -1.160895 0.337973 0.974917 -1
0 1.104849 -0.834602 -5.414848 0.337973 0.893292 -1
0 1.354849 0 -5.414848 0.356325 0.895977 -1
0 1.104849 0.834603 -1.160895 0.374678 0.974917 -1
0 1.354848 0 -1.417887 0.356325 0.972671 -1
0 1.354849 0 -5.414848 0.356325 0.895977 -1
0 1.10485 0.834602 -5.414848 0.374678 0.893292 -1
0 -4.010045 -0.000001 -1.451763 0.775121 0.937459 -1
0 -1.354847 0 -1.451764 0.775121 0.993244 -1
0 -1.104847 -0.834603 -1.200017 0.756768 0.996862 -1
0 -4.099201 -0.834603 -1.200016 0.756768 0.933952 -1
0 -3.605465 0.834602 1.011964 0.314458 0.476806 -1
0 -1.104848 0.834603 1.011963 0.261105 0.463497 -1
0 -1.104847 0.834603 -0.107449 0.267063 0.439613 -1
0 -4.247437 0.834602 -0.10745 0.334113 0.456339 -1
0 1.354848 0 5.143361 0.282915 0.97647 -1
0 1.104848 -0.834603 5.356046 0.264562 0.977866 -1
0 1.104848 -0.834603 0.948436 0.264562 0.893292 -1
0 1.354849 0 1.193191 0.282915 0.900674 -1
0 -1.104848 -0.834603 5.356046 0.191152 0.893292 -1
0 -1.354848 0 5.14336 0.209504 0.899656 -1
0 -1.354848 0 1.212792 0.209504 0.980096 -1
0 -1.104847 -0.834603 0.964346 0.191152 0.983169 -1
0 1.104849 0.834603 5.356046 0.301268 0.977866 -1
0 1.354848 0 5.143361 0.282915 0.97647 -1
0 1.354849 0 1.193191 0.282915 0.900674 -1
0 1.104849 0.834603 0.948441 0.301268 0.893292 -1
0 -1.354848 0 5.14336 0.209504 0.899656 -1
0 -1.104849 0.834603 5.356047 0.227857 0.893292 -1
0 -1.104848 0.834603 1.011963 0.227857 0.982194 -1
0 -1.354848 0 1.212792 0.209504 0.980096 -1
0 1.104849 0.834603 0.948441 0.214298 0.450381 -1
0 0 1.06506 5.375623 0.214308 0.550719 -1
0 1.104849 0.834603 5.356046 0.190839 0.544421 -1
0 -1.104848 0.834603 1.011963 0.261105 0.463497 -1
0 -1.104849 0.834603 5.356047 0.237985 0.556181 -1
0 0 1.06506 5.375623 0.214308 0.550719 -1
0 1.104848 -0.834603 0.948436 0.560894 0.442912 -1
0 1.104848 -0.834603 5.356046 0.537436 0.348872 -1
0 0 -1.06506 5.375623 0.560904 0.342574 -1
0 -1.104847 -0.834603 0.964346 0.607955 0.430812 -1
0 0 -1.06506 5.375623 0.560904 0.342574 -1
0 -1.104848 -0.834603 5.356046 0.584581 0.337111 -1
0 -4.247437 -0.834603 -0.10745 0.680709 0.436954 -1
0 -1.104847 -0.834603 -0.10745 0.61366 0.453679 -1
0 -1.104847 -0.834603 0.964346 0.607955 0.430812 -1
0 -3.632774 -0.834603 0.964346 0.661891 0.417357 -1
0 -3.490292 -0.000001 1.212794 0.869219 0.997464 -1
0 -1.354848 0 1.212792 0.869219 0.952662 -1
0 -1.104848 0.834603 1.011963 0.887562 0.946083 -1
0 -3.605465 0.834602 1.011964 0.887562 0.998546 -1
0 -4.385427 -0.000001 -0.391818 0.820343 0.769746 -1
0 -4.385426 -0.000001 -0.348065 0.821239 0.769746 -1
0 -4.385426 0.834602 -0.348065 0.821239 0.788098 -1
0 -4.385427 0.834602 -0.391818 0.820343 0.788098 -1
0 -4.385427 -0.834603 -0.391818 0.820343 0.751393 -1
0 -4.385426 -0.834603 -0.348065 0.821239 0.751393 -1
0 -4.099201 -0.834603 -1.200016 0.683362 0.461053 -1
0 -1.104847 -0.834603 -1.200017 0.619475 0.47699 -1
0 -4.385426 -0.834603 -0.348065 0.684934 0.441353 -1
0 -4.385427 -0.834603 -0.391818 0.685167 0.442286 -1
0 -4.385427 0.834602 -0.391818 0.338571 0.451006 -1
0 -4.385426 0.834602 -0.348065 0.338338 0.451939 -1
0 -1.104848 0.834603 -1.20002 0.272878 0.416302 -1
0 -4.0992 0.834602 -1.200019 0.336765 0.432239 -1
0 -1.104847 -0.834603 0.964346 0.850855 0.945791 -1
0 -1.354848 0 1.212792 0.869219 0.952662 -1
0 -3.490292 -0.000001 1.212794 0.869219 0.997464 -1
0 -3.632774 -0.834603 0.964346 0.850855 0.998827 -1
0 -4.0992 0.834602 -1.200019 0.793473 0.933952 -1
0 -1.104848 0.834603 -1.20002 0.793473 0.996862 -1
0 -1.354847 0 -1.451764 0.775121 0.993244 -1
0 -4.010045 -0.000001 -1.451763 0.775121 0.937459 -1
0 -8.59606 0.954762 -1.33345 0.808388 0.244765 -1
0 -11.488422 0.954762 0.256786 0.879304 0.229306 -1
0 -8.468693 0.954762 1.522025 0.847555 0.293923 -1
0 -7.808878 0.954762 4.474729 0.879304 0.352389 -1
0 -6.123797 0.954762 2.0711 0.816635 0.336918 -1
0 -3.001183 0.954762 2.065659 0.764813 0.381967 -1
0 -4.395006 0.954762 -0.364769 0.752777 0.321545 -1
0 -3.356733 0.954762 -3.29648 0.693193 0.287973 -1
0 -6.151591 0.954762 -2.45013 0.751739 0.261597 -1
0 -8.633846 0.954762 -4.546087 0.762574 0.190983 -1
0 -8.468693 -0.852153 1.522025 0.847555 0.088044 -1
0 -11.488422 -0.852153 0.256786 0.879304 0.152661 -1
0 -8.59606 -0.852153 -1.33345 0.808388 0.137202 -1
0 -8.633846 -0.852153 -4.546087 0.762574 0.190983 -1
0 -6.151591 -0.852153 -2.45013 0.751739 0.12037 -1
0 -3.356733 -0.852153 -3.29648 0.693193 0.093994 -1
0 -4.395006 -0.852153 -0.364769 0.752777 0.060422 -1
0 -3.001183 -0.852153 2.065659 0.764813 0 -1
0 -6.123797 -0.852153 2.0711 0.816635 0.045049 -1
0 -7.808878 -0.852153 4.474729 0.879304 0.029578 -1
0 -4.385426 -0.834603 -0.348065 0.039348 0.954475 -1
0 -4.395006 -0.852153 -0.364769 0.039733 0.954898 -1
0 -4.395006 0.954762 -0.364769 0 0.954898 -1
0 -4.385426 0.834602 -0.348065 0.002642 0.954475 -1
0 -4.385426 -0.000001 -0.348065 0.020995 0.954475 -1
0 -4.385426 0.834602 -0.348065 0.002642 0.954475 -1
0 -4.395006 0.954762 -0.364769 0 0.954898 -1
0 -3.001183 0.954762 2.065659 0 0.893292 -1
0 -3.001183 -0.852153 2.065659 0.039733 0.893292 -1
0 -4.395006 -0.852153 -0.364769 0.039733 0.954898 -1
0 -4.385426 -0.834603 -0.348065 0.039348 0.954475 -1
0 -4.247437 -0.834603 -0.10745 0.039348 0.948376 -1
0 -3.632774 -0.834603 0.964346 0.039348 0.921208 -1
0 -3.490292 -0.000001 1.212794 0.020995 0.91491 -1
0 -3.605465 0.834602 1.011964 0.002642 0.920001 -1
0 -4.247437 0.834602 -0.10745 0.002642 0.948376 -1
0 -7.808878 0.954762 4.474729 0.567289 0.959028 -1
0 -8.468693 0.954762 1.522025 0.567289 0.893292 -1
0 -8.468693 -0.852153 1.522025 0.607022 0.893292 -1
0 -7.808878 -0.852153 4.474729 0.607022 0.959028 -1
0 -8.59606 0.954762 -1.33345 0.567289 0.893292 -1
0 -8.633846 0.954762 -4.546087 0.567289 0.959343 -1
0 -8.633846 -0.852153 -4.546087 0.527555 0.959343 -1
0 -8.59606 -0.852153 -1.33345 0.527555 0.893292 -1
0 -4.385427 0.834602 -0.391818 0.002642 0.955314 -1
0 -4.395006 0.954762 -0.364769 0 0.954898 -1
0 -4.395006 -0.852153 -0.364769 0.039733 0.954898 -1
0 -4.385427 -0.834603 -0.391818 0.039348 0.955314 -1
0 -4.385427 -0.000001 -0.391818 0.020995 0.955314 -1
0 -3.356733 -0.852153 -3.29648 0.039733 1 -1
0 -3.356733 0.954762 -3.29648 0 1 -1
0 -4.0992 0.834602 -1.200019 0.002642 0.967748 -1
0 -4.010045 -0.000001 -1.451763 0.020995 0.971621 -1
0 -4.099201 -0.834603 -1.200016 0.039348 0.967748 -1
0 -6.123797 0.954762 2.0711 0.982612 0.326199 -1
0 -7.808878 0.954762 4.474729 0.982672 0.377383 -1
0 -7.808878 -0.852153 4.474729 0.942939 0.377371 -1
0 -6.123797 -0.852153 2.0711 0.942879 0.326186 -1
0 -11.488422 0.954762 0.256786 0.414412 0.893292 -1
0 -8.59606 0.954762 -1.33345 0.414412 0.964383 -1
0 -8.59606 -0.852153 -1.33345 0.374678 0.964383 -1
0 -11.488422 -0.852153 0.256786 0.374678 0.893292 -1
0 -6.151591 0.954762 -2.45013 0.643727 0.957505 -1
0 -3.356733 0.954762 -3.29648 0.643727 0.893292 -1
0 -3.356733 -0.852153 -3.29648 0.683461 0.893292 -1
0 -6.151591 -0.852153 -2.45013 0.683461 0.957505 -1
0 -6.123797 -0.852153 2.0711 0.942879 0.326186 -1
0 -3.001183 -0.852153 2.065659 0.942939 0.260638 -1
0 -3.001183 0.954762 2.065659 0.982672 0.26065 -1
0 -6.123797 0.954762 2.0711 0.982612 0.326199 -1
0 -8.468693 0.954762 1.522025 0.833207 0.933952 -1
0 -11.488422 0.954762 0.256786 0.833207 0.988972 -1
0 -11.488422 -0.852153 0.256786 0.793473 0.989037 -1
0 -8.468693 -0.852153 1.522025 0.793473 0.934016 -1
0 -8.633846 0.954762 -4.546087 0.527555 0.893292 -1
0 -6.151591 0.954762 -2.45013 0.527555 0.960171 -1
0 -6.151591 -0.852153 -2.45013 0.487822 0.960171 -1
0 -8.633846 -0.852153 -4.546087 0.487822 0.893292 -1
0 5.287261 0.9689 -2.884024 0.694967 0.677054 -1
0 7.668599 0.9689 -0.161749 0.771764 0.656373 -1
0 7.96707 0.9689 -0.525437 0.772779 0.666669 -1
0 7.668599 -0.909378 -0.161749 0.771764 0.476986 -1
0 7.446815 -0.909378 0.25318 0.772779 0.487282 -1
0 4.376815 -0.909378 -1.521446 0.694967 0.492341 -1
0 8.207476 0.9689 3.200026 0.039733 0.921912 -1
0 8.548435 0.9689 3.577967 0.039733 0.910998 -1
0 8.548435 -0.909378 3.577967 0.081036 0.910998 -1
0 8.207476 -0.909378 3.200026 0.081036 0.921912 -1
0 8.25711 0.9689 -4.114176 0.984182 0.228945 -1
0 9.076484 0.9689 -4.033475 0.984182 0.245636 -1
0 9.076484 -0.909378 -4.033475 0.942879 0.245636 -1
0 8.25711 -0.909378 -4.114176 0.942879 0.228945 -1
0 9.664127 0.9689 -1.294132 0.99244 0.858122 -1
0 9.19591 0.9689 -1.231579 0.992438 0.868357 -1
0 9.19591 -0.909378 -1.231579 0.951136 0.868366 -1
0 9.664127 -0.909378 -1.294132 0.951137 0.85813 -1
0 4.764937 0.9689 2.41922 0.942879 0.083769 -1
0 4.376815 0.9689 1.693095 0.942879 0.065786 -1
0 4.376815 -0.909378 1.693095 0.984182 0.065786 -1
0 4.764937 -0.909378 2.41922 0.984182 0.083769 -1
0 11.401862 0.9689 -0.984342 0.992467 0.823705 -1
0 10.689081 0.9689 -1.167003 0.992454 0.837456 -1
0 10.689081 -0.909378 -1.167003 0.951151 0.837464 -1
0 11.401862 -0.909378 -0.984342 0.951164 0.823713 -1
0 8.548435 0.9689 3.577967 0.039733 0.910998 -1
0 9.076491 0.9689 4.205123 0.039733 0.893292 -1
0 9.076491 -0.909378 4.205123 0.081036 0.893292 -1
0 8.548435 -0.909378 3.577967 0.081036 0.910998 -1
0 9.19591 0.9689 -1.231579 0.992438 0.868357 -1
0 8.745687 0.9689 -1.045692 0.992442 0.879027 -1
0 8.745687 -0.909378 -1.045692 0.95114 0.879036 -1
0 9.19591 -0.909378 -1.231579 0.951136 0.868366 -1
0 5.287261 0.9689 3.055674 0.942879 0.100996 -1
0 4.764937 0.9689 2.41922 0.942879 0.083769 -1
0 4.764937 -0.909378 2.41922 0.984182 0.083769 -1
0 5.287261 -0.909378 3.055674 0.984182 0.100996 -1
0 10.689081 0.9689 -1.167003 0.992454 0.837456 -1
0 10.132341 0.9689 -1.267743 0.992445 0.848473 -1
0 10.132341 -0.909378 -1.267743 0.951142 0.848481 -1
0 10.689081 -0.909378 -1.167003 0.951151 0.837464 -1
0 12.376408 0.9689 -0.733559 0.992486 0.80491 -1
0 11.401862 0.9689 -0.984342 0.992467 0.823705 -1
0 11.401862 -0.909378 -0.984342 0.951164 0.823713 -1
0 12.376408 -0.909378 -0.733559 0.951183 0.804919 -1
0 8.745687 0.9689 -1.045692 0.992442 0.879027 -1
0 8.330758 0.9689 -0.823908 0.992448 0.889193 -1
0 8.330758 -0.909378 -0.823908 0.951146 0.889202 -1
0 8.745687 -0.909378 -1.045692 0.95114 0.879036 -1
0 5.923715 0.9689 3.577998 0.942879 0.116806 -1
0 5.287261 0.9689 3.055674 0.942879 0.100996 -1
0 5.287261 -0.909378 3.055674 0.984182 0.100996 -1
0 5.923715 -0.909378 3.577998 0.984182 0.116806 -1
0 10.132341 0.9689 -1.267743 0.992445 0.848473 -1
0 9.664127 0.9689 -1.294132 0.99244 0.858122 -1
0 9.664127 -0.909378 -1.294132 0.951137 0.85813 -1
0 10.132341 -0.909378 -1.267743 0.951142 0.848481 -1
0 8.330758 0.9689 -0.823908 0.992448 0.889193 -1
0 7.96707 0.9689 -0.525437 0.992458 0.898789 -1
0 7.96707 -0.909378 -0.525437 0.951155 0.898798 -1
0 8.330758 -0.909378 -0.823908 0.951146 0.889202 -1
0 6.64984 0.9689 3.96612 0.942879 0.13059 -1
0 5.923715 0.9689 3.577998 0.942879 0.116806 -1
0 5.923715 -0.909378 3.577998 0.984182 0.116806 -1
0 6.64984 -0.909378 3.96612 0.984182 0.13059 -1
0 7.437731 0.9689 -4.033473 0.984182 0.211207 -1
0 8.25711 0.9689 -4.114176 0.984182 0.228945 -1
0 8.25711 -0.909378 -4.114176 0.942879 0.228945 -1
0 7.437731 -0.909378 -4.033473 0.942879 0.211207 -1
0 7.96707 0.9689 -0.525437 0.992458 0.898789 -1
0 7.668599 0.9689 -0.161749 0.99247 0.907447 -1
0 7.668599 -0.909378 -0.161749 0.951168 0.907455 -1
0 7.96707 -0.909378 -0.525437 0.951155 0.898798 -1
0 7.437732 0.9689 4.205124 0.734509 0.971563 -1
0 6.64984 0.9689 3.96612 0.734495 0.986519 -1
0 6.64984 -0.909378 3.96612 0.693193 0.986535 -1
0 7.437732 -0.909378 4.205124 0.693206 0.971579 -1
0 6.649839 0.9689 -3.79447 0.984182 0.193102 -1
0 7.437731 0.9689 -4.033473 0.984182 0.211207 -1
0 7.437731 -0.909378 -4.033473 0.942879 0.211207 -1
0 6.649839 -0.909378 -3.79447 0.942879 0.193102 -1
0 7.668599 0.9689 -0.161749 0.99247 0.907447 -1
0 7.446815 0.9689 0.25318 0.992486 0.914833 -1
0 7.446815 -0.909378 0.25318 0.951183 0.914841 -1
0 7.668599 -0.909378 -0.161749 0.951168 0.907455 -1
0 8.257112 0.9689 4.285825 0.734516 0.954904 -1
0 7.437732 0.9689 4.205124 0.734509 0.971563 -1
0 7.437732 -0.909378 4.205124 0.693206 0.971579 -1
0 8.257112 -0.909378 4.285825 0.693213 0.95492 -1
0 5.923715 0.9689 -3.406348 0.984182 0.175327 -1
0 6.649839 0.9689 -3.79447 0.984182 0.193102 -1
0 6.649839 -0.909378 -3.79447 0.942879 0.193102 -1
0 5.923715 -0.909378 -3.406348 0.942879 0.175327 -1
0 7.446815 0.9689 0.25318 0.039733 0.986626 -1
0 7.310241 0.9689 0.703404 0.039733 0.979454 -1
0 7.310241 -0.909378 0.703404 0.081036 0.979454 -1
0 7.446815 -0.909378 0.25318 0.081036 0.986626 -1
0 9.076491 0.9689 4.205123 0.734516 0.937181 -1
0 8.257112 0.9689 4.285825 0.734516 0.954904 -1
0 8.257112 -0.909378 4.285825 0.693213 0.95492 -1
0 9.076491 -0.909378 4.205123 0.693213 0.937198 -1
0 5.287261 0.9689 -2.884024 0.984182 0.158564 -1
0 5.923715 0.9689 -3.406348 0.984182 0.175327 -1
0 5.923715 -0.909378 -3.406348 0.942879 0.175327 -1
0 5.287261 -0.909378 -2.884024 0.942879 0.158564 -1
0 7.310241 0.9689 0.703404 0.039733 0.979454 -1
0 7.264126 0.9689 1.171621 0.039733 0.970966 -1
0 7.264126 -0.909378 1.171621 0.081036 0.970966 -1
0 7.310241 -0.909378 0.703404 0.081036 0.979454 -1
0 12.137403 0.9689 -1.52145 0.920606 0.359286 -1
0 12.376408 0.9689 -0.733559 0.920606 0.376971 -1
0 12.376408 -0.909378 -0.733559 0.879304 0.376971 -1
0 12.137403 -0.909378 -1.52145 0.879304 0.359286 -1
0 4.764937 0.9689 -2.247571 0.984182 0.143459 -1
0 5.287261 0.9689 -2.884024 0.984182 0.158564 -1
0 5.287261 -0.909378 -2.884024 0.942879 0.158564 -1
0 4.764937 -0.909378 -2.247571 0.942879 0.143459 -1
0 7.264126 0.9689 1.171621 0.039733 0.970966 -1
0 7.310241 0.9689 1.639838 0.039733 0.961486 -1
0 7.310241 -0.909378 1.639838 0.081036 0.961486 -1
0 7.264126 -0.909378 1.171621 0.081036 0.970966 -1
0 11.74928 0.9689 -2.247575 0.920606 0.341185 -1
0 12.137403 0.9689 -1.52145 0.920606 0.359286 -1
0 12.137403 -0.909378 -1.52145 0.879304 0.359286 -1
0 11.74928 -0.909378 -2.247575 0.879304 0.341185 -1
0 4.376815 0.9689 -1.521446 0.984182 0.13059 -1
0 4.764937 0.9689 -2.247571 0.984182 0.143459 -1
0 4.764937 -0.909378 -2.247571 0.942879 0.143459 -1
0 4.376815 -0.909378 -1.521446 0.942879 0.13059 -1
0 7.310241 0.9689 1.639838 0.039733 0.961486 -1
0 7.446815 0.9689 2.090062 0.039733 0.95138 -1
0 7.446815 -0.909378 2.090062 0.081036 0.95138 -1
0 7.310241 -0.909378 1.639838 0.081036 0.961486 -1
0 11.226955 0.9689 -2.884028 0.920606 0.323362 -1
0 11.74928 0.9689 -2.247575 0.920606 0.341185 -1
0 11.74928 -0.909378 -2.247575 0.879304 0.341185 -1
0 11.226955 -0.909378 -2.884028 0.879304 0.323362 -1
0 7.446815 0.9689 2.090062 0.039733 0.95138 -1
0 7.668599 0.9689 2.504991 0.039733 0.941036 -1
0 7.668599 -0.909378 2.504991 0.081036 0.941036 -1
0 7.446815 -0.909378 2.090062 0.081036 0.95138 -1
0 10.590501 0.9689 -3.406352 0.920606 0.306504 -1
0 11.226955 0.9689 -2.884028 0.920606 0.323362 -1
0 11.226955 -0.909378 -2.884028 0.879304 0.323362 -1
0 10.590501 -0.909378 -3.406352 0.879304 0.306504 -1
0 7.668599 0.9689 2.504991 0.039733 0.941036 -1
0 7.96707 0.9689 2.868679 0.039733 0.930852 -1
0 7.96707 -0.909378 2.868679 0.081036 0.930852 -1
0 7.668599 -0.909378 2.504991 0.081036 0.941036 -1
0 9.864375 0.9689 -3.794472 0.920606 0.291257 -1
0 10.590501 0.9689 -3.406352 0.920606 0.306504 -1
0 10.590501 -0.909378 -3.406352 0.879304 0.306504 -1
0 9.864375 -0.909378 -3.794472 0.879304 0.291257 -1
0 7.96707 0.9689 2.868679 0.039733 0.930852 -1
0 8.207476 0.9689 3.200026 0.039733 0.921912 -1
0 8.207476 -0.909378 3.200026 0.081036 0.921912 -1
0 7.96707 -0.909378 2.868679 0.081036 0.930852 -1
0 9.076484 0.9689 -4.033475 0.984182 0.245636 -1
0 9.864375 0.9689 -3.794472 0.984182 0.260638 -1
0 9.864375 -0.909378 -3.794472 0.942879 0.260638 -1
0 9.076484 -0.909378 -4.033475 0.942879 0.245636 -1
0 7.668599 -0.909378 2.504991 0.804343 0.525744 -1
0 7.96707 -0.909378 2.868679 0.814244 0.528748 -1
0 6.64984 -0.909378 3.96612 0.803567 0.564905 -1
0 8.207476 -0.909378 3.200026 0.822687 0.531869 -1
0 7.437732 -0.909378 4.205124 0.820892 0.55965 -1
0 8.548435 -0.909378 3.577967 0.833538 0.534614 -1
0 8.257112 -0.909378 4.285825 0.83686 0.551115 -1
0 9.076491 -0.909378 4.205123 0.850855 0.539629 -1
0 5.923715 -0.909378 3.577998 0.785549 0.56668 -1
0 5.287261 -0.909378 3.055674 0.767531 0.564905 -1
0 7.446815 -0.909378 2.090062 0.795219 0.520867 -1
0 4.764937 -0.909378 2.41922 0.750206 0.55965 -1
0 7.310241 -0.909378 1.639838 0.787222 0.514304 -1
0 4.376815 -0.909378 1.693095 0.734239 0.551115 -1
0 7.264126 -0.909378 1.171621 0.780659 0.506307 -1
0 4.137811 -0.909378 0.905204 0.720243 0.539629 -1
0 4.057109 -0.909378 0.085824 0.708757 0.525634 -1
0 7.310241 -0.909378 0.703404 0.775782 0.497183 -1
0 4.137812 -0.909378 -0.733555 0.700223 0.509667 -1
0 4.764937 -0.909378 -2.247571 0.693193 0.474323 -1
0 5.287261 -0.909378 -2.884024 0.694967 0.456305 -1
0 5.923715 -0.909378 -3.406348 0.700223 0.43898 -1
0 7.96707 -0.909378 -0.525437 0.772779 0.46669 -1
0 8.330758 -0.909378 -0.823908 0.775782 0.45679 -1
0 6.649839 -0.909378 -3.79447 0.708758 0.423013 -1
0 7.437731 -0.909378 -4.033473 0.720243 0.409017 -1
0 8.745687 -0.909378 -1.045692 0.780659 0.447666 -1
0 8.25711 -0.909378 -4.114176 0.734239 0.397532 -1
0 9.076484 -0.909378 -4.033475 0.750206 0.388997 -1
0 9.19591 -0.909378 -1.231579 0.78662 0.438767 -1
0 9.864375 -0.909378 -3.794472 0.767531 0.383741 -1
0 10.590501 -0.909378 -3.406352 0.785549 0.381967 -1
0 9.664127 -0.909378 -1.294132 0.794416 0.431903 -1
0 10.132341 -0.909378 -1.267743 0.803299 0.426666 -1
0 11.226955 -0.909378 -2.884028 0.803567 0.383741 -1
0 11.74928 -0.909378 -2.247575 0.820892 0.388997 -1
0 10.689081 -0.909378 -1.167003 0.814709 0.421706 -1
0 12.137403 -0.909378 -1.52145 0.83686 0.397532 -1
0 11.401862 -0.909378 -0.984342 0.829973 0.416338 -1
0 12.376408 -0.909378 -0.733559 0.850855 0.409017 -1
0 11.401862 0.9689 -0.984342 0.829973 0.717022 -1
0 12.376408 0.9689 -0.733559 0.850855 0.724342 -1
0 12.137403 0.9689 -1.52145 0.83686 0.735828 -1
0 11.74928 0.9689 -2.247575 0.820892 0.744363 -1
0 11.226955 0.9689 -2.884028 0.803567 0.749618 -1
0 10.689081 0.9689 -1.167003 0.814709 0.711654 -1
0 10.590501 0.9689 -3.406352 0.785549 0.751393 -1
0 10.132341 0.9689 -1.267743 0.803299 0.706694 -1
0 9.864375 0.9689 -3.794472 0.767531 0.749618 -1
0 9.664127 0.9689 -1.294132 0.794416 0.701456 -1
0 9.076484 0.9689 -4.033475 0.750206 0.744363 -1
0 9.19591 0.9689 -1.231579 0.78662 0.694593 -1
0 8.25711 0.9689 -4.114176 0.734239 0.735828 -1
0 7.437731 0.9689 -4.033473 0.720243 0.724342 -1
0 8.745687 0.9689 -1.045692 0.780659 0.685694 -1
0 6.649839 0.9689 -3.79447 0.708758 0.710347 -1
0 8.330758 0.9689 -0.823908 0.775782 0.67657 -1
0 5.923715 0.9689 -3.406348 0.700223 0.69438 -1
0 4.764937 0.9689 -2.247571 0.693193 0.659037 -1
0 4.376815 0.9689 -1.521446 0.694967 0.641019 -1
0 7.446815 0.9689 0.25318 0.772779 0.646077 -1
0 4.137812 0.9689 -0.733555 0.700223 0.623693 -1
0 4.057109 0.9689 0.085824 0.708757 0.607726 -1
0 7.310241 0.9689 0.703404 0.775782 0.636177 -1
0 4.137811 0.9689 0.905204 0.720243 0.593731 -1
0 4.376815 0.9689 1.693095 0.734239 0.582245 -1
0 7.264126 0.9689 1.171621 0.780659 0.627053 -1
0 4.764937 0.9689 2.41922 0.750206 0.57371 -1
0 5.287261 0.9689 3.055674 0.767531 0.568455 -1
0 7.310241 0.9689 1.639838 0.787222 0.619056 -1
0 5.923715 0.9689 3.577998 0.785549 0.56668 -1
0 7.446815 0.9689 2.090062 0.795219 0.612492 -1
0 6.64984 0.9689 3.96612 0.803567 0.568455 -1
0 7.668599 0.9689 2.504991 0.804343 0.607615 -1
0 7.437732 0.9689 4.205124 0.820892 0.57371 -1
0 7.96707 0.9689 2.868679 0.814244 0.604612 -1
0 8.257112 0.9689 4.285825 0.83686 0.582245 -1
0 8.207476 0.9689 3.200026 0.822687 0.601491 -1
0 9.076491 0.9689 4.205123 0.850855 0.59373 -1
0 8.548435 0.9689 3.577967 0.833538 0.598746 -1
0 4.076145 -0.834603 -0.107449 0.503119 0.481254 -1
0 1.104848 -0.834603 -0.10745 0.566514 0.46544 -1
0 1.104848 -0.834603 -1.160895 0.572121 0.487916 -1
0 4.267444 -0.834603 -1.160896 0.504644 0.504748 -1
0 4.137812 -0.834603 -0.733555 0.505135 0.494941 -1
0 4.267444 0.834602 -1.160896 0.158048 0.388544 -1
0 1.104849 0.834603 -1.160895 0.225524 0.405376 -1
0 1.104849 0.834603 -0.10745 0.219918 0.427852 -1
0 4.076145 0.834602 -0.107449 0.156522 0.412038 -1
0 4.137812 0.834602 -0.733555 0.158539 0.398352 -1
0 1.354848 0 -1.417887 0.625375 0.900213 -1
0 4.345402 -0.000001 -1.417888 0.625375 0.963043 -1
0 4.267444 -0.834603 -1.160896 0.607022 0.959737 -1
0 1.104848 -0.834603 -1.160895 0.607022 0.893292 -1
0 1.104849 0.834603 0.948441 0.987841 0.978748 -1
0 1.354849 0 1.193191 0.969499 0.975126 -1
0 4.225171 -0.000001 1.193191 0.969499 0.914907 -1
0 4.150927 0.834602 0.948442 0.987841 0.914841 -1
0 1.354849 0 1.193191 0.969499 0.975126 -1
0 1.104848 -0.834603 0.948436 0.951136 0.97877 -1
0 4.150926 -0.834603 0.948436 0.951136 0.914863 -1
0 4.225171 -0.000001 1.193191 0.969499 0.914907 -1
0 4.150926 -0.834603 0.948436 0.495904 0.459124 -1
0 1.104848 -0.834603 0.948436 0.560894 0.442912 -1
0 4.057109 -0.834603 0.085824 0.502496 0.477029 -1
0 4.137811 -0.834603 0.905204 0.496413 0.459977 -1
0 4.345402 -0.000001 -1.417888 0.625375 0.963043 -1
0 1.354848 0 -1.417887 0.625375 0.900213 -1
0 1.104849 0.834603 -1.160895 0.643728 0.893292 -1
0 4.267444 0.834602 -1.160896 0.643728 0.959737 -1
0 1.104849 0.834603 0.948441 0.214298 0.450381 -1
0 4.150927 0.834602 0.948442 0.149307 0.434169 -1
0 4.137811 0.834602 0.905204 0.149817 0.433316 -1
0 4.057109 0.834602 0.085824 0.1559 0.416263 -1
0 4.150926 -0.834603 0.948436 0.982538 0.048729 -1
0 4.137811 -0.834603 0.905204 0.982538 0.047739 -1
0 4.137811 -0.909378 0.905204 0.984182 0.047739 -1
0 4.376815 -0.909378 1.693095 0.984182 0.065786 -1
0 4.376815 0.9689 1.693095 0.942879 0.065786 -1
0 4.137811 0.9689 0.905204 0.942879 0.047739 -1
0 4.137811 0.834602 0.905204 0.945832 0.047739 -1
0 4.150927 0.834602 0.948442 0.945832 0.048729 -1
0 4.225171 -0.000001 1.193191 0.964185 0.054335 -1
0 4.137812 0.9689 -0.733555 0.942879 0.014201 -1
0 4.376815 0.9689 -1.521446 0.942879 0 -1
0 4.376815 -0.909378 -1.521446 0.984182 0 -1
0 4.137812 -0.909378 -0.733555 0.984182 0.014201 -1
0 4.137812 -0.834603 -0.733555 0.982538 0.014201 -1
0 4.267444 -0.834603 -1.160896 0.982538 0.006499 -1
0 4.345402 -0.000001 -1.417888 0.964185 0.001867 -1
0 4.267444 0.834602 -1.160896 0.945832 0.006499 -1
0 4.137812 0.834602 -0.733555 0.945832 0.014201 -1
0 4.057109 0.9689 0.085824 0.942879 0.030321 -1
0 4.137812 0.9689 -0.733555 0.942879 0.014201 -1
0 4.137812 0.834602 -0.733555 0.945832 0.014201 -1
0 4.076145 0.834602 -0.107449 0.945832 0.026519 -1
0 4.057109 0.834602 0.085824 0.945832 0.030321 -1
0 4.137812 -0.909378 -0.733555 0.984182 0.014201 -1
0 4.057109 -0.909378 0.085824 0.984182 0.030321 -1
0 4.057109 -0.834603 0.085824 0.982538 0.030321 -1
0 4.076145 -0.834603 -0.107449 0.982538 0.026519 -1
0 4.137812 -0.834603 -0.733555 0.982538 0.014201 -1
0 4.137811 0.834602 0.905204 0.945832 0.047739 -1
0 4.137811 0.9689 0.905204 0.942879 0.047739 -1
0 4.057109 0.9689 0.085824 0.942879 0.030321 -1
0 4.057109 0.834602 0.085824 0.945832 0.030321 -1
0 4.057109 -0.909378 0.085824 0.984182 0.030321 -1
0 4.137811 -0.909378 0.905204 0.984182 0.047739 -1
0 4.137811 -0.834603 0.905204 0.982538 0.047739 -1
0 4.057109 -0.834603 0.085824 0.982538 0.030321 -1
175
0 0.2469 0.969
0 0.6892 0.7246
0 0.9625 0.2712
0 0.9625 -0.2712
0 0.6892 -0.7246
0 0.2469 -0.969
0 -0.2469 -0.969
0 -0.9625 -0.2712
0 -0.9625 0.2712
0 -0.2469 0.969
0 -0.6892 0.7246
-0.5696 0.2469 0.784
0.1594 0.9625 -0.2194
0.4259 0.6892 -0.5862
0.4259 -0.6892 -0.5862
0.1594 -0.9625 -0.2194
-0.5696 -0.2469 0.784
-0.9216 0.2469 0.2994
0.2579 0.9625 -0.0838
0.6892 0.6892 -0.2239
0.6892 -0.6892 -0.2239
-0.6892 -0.6892 0.2239
-0.2579 -0.9625 0.0838
0.5696 0.2469 0.784
0.4259 0.6892 0.5862
0.1594 0.9625 0.2194
-0.1594 0.9625 -0.2194
-0.4259 0.6892 -0.5862
-0.5696 0.2469 -0.784
-0.5696 -0.2469 -0.784
-0.4259 -0.6892 -0.5862
-0.1594 -0.9625 -0.2194
0.1594 -0.9625 0.2194
0.4259 -0.6892 0.5862
0.5696 -0.2469 0.784
0.9216 0.2469 0.2994
0.6892 0.6892 0.2239
0.2579 0.9625 0.0838
-0.2579 0.9625 -0.0838
-0.6892 0.6892 -0.2239
-0.9216 0.2469 -0.2994
-0.9216 -0.2469 -0.2994
-0.6892 -0.6892 -0.2239
-0.2579 -0.9625 -0.0838
0.2579 -0.9625 0.0838
0.6892 -0.6892 0.2239
0.9216 -0.2469 0.2994
0.9216 0.2469 -0.2994
-0.2579 0.9625 0.0838
-0.6892 0.6892 0.2239
-0.9216 -0.2469 0.2994
0.2579 -0.9625 -0.0838
0.9216 -0.2469 -0.2994
0.5696 0.2469 -0.784
-0.1594 0.9625 0.2194
-0.4259 0.6892 0.5862
-0.4259 -0.6892 0.5862
-0.1594 -0.9625 0.2194
0.5696 -0.2469 -0.784
0 -0.6892 -0.7246
-0.0314 -0.7181 -0.6953
-0.0314 0.7181 -0.6953
0.0314 -0.7181 -0.6953
0.0314 0.7181 -0.6953
-0.2042 -0.9789 0
0.2042 -0.9789 0
-0.2042 0.9789 0
0.2042 0.9789 0
-0.199 0.9538 -0.2249
0.199 0.9538 0.2249
0.6499 -0.1947 0.7347
-0.6499 -0.1947 -0.7347
-0.1965 0.942 0.2721
0.1965 0.942 -0.2721
0.5767 -0.1727 -0.7985
-0.5767 -0.1727 0.7985
0.199 -0.9538 0.2249
-0.199 -0.9538 -0.2249
-0.6499 0.1947 -0.7347
0.6499 0.1947 0.7347
-0.5938 -0.1779 -0.7847
0.5938 0.1779 0.7847
-0.5938 0.1779 -0.7847
-0.1971 -0.9451 -0.2605
0.1965 -0.942 -0.2721
-0.1965 -0.942 0.2721
-0.5767 0.1727 0.7985
0.5767 0.1727 -0.7985
-0.1995 0.9563 0.2137
0.1995 0.9563 -0.2137
0.6685 -0.2002 -0.7162
-0.6685 -0.2002 0.7162
0.5938 -0.1779 0.7847
0.1971 0.9451 0.2605
-0.1971 0.9451 -0.2605
0.1971 -0.9451 0.2605
0.9579 -0.2869 0
-0.9579 -0.2869 0
0.9579 0.2869 0
-0.9579 0.2869 0
0.1995 -0.9563 -0.2137
-0.1995 -0.9563 0.2137
-0.6685 0.2002 0.7162
0.6685 0.2002 -0.7162
0 0 -1
0.1343 -0.6437 -0.7534
0.1343 0.6437 -0.7534
0.6299 0.1887 -0.7534
0.6299 -0.1887 -0.7534
-0.6299 0.1887 -0.7534
-0.6299 -0.1887 -0.7534
-0.1343 -0.6437 -0.7534
-0.1343 0.6437 -0.7534
0 -0.2888 -0.9574
0 1 0
0 -1 0
0 0.234 0.9722
-1 0 0
0 -0.2853 0.9584
0 0.2888 -0.9574
0.8674 0 -0.4975
0.8675 0 -0.4975
-0.9759 0 0.2181
-0.9999 0 0.0118
0.9426 0 0.3338
0.8188 0 0.574
-0.4818 0 -0.8763
-0.2898 0 -0.9571
0.0017 0 1
-0.3864 0 0.9223
0.6452 0 -0.7641
0.7425 0 -0.6698
0.098 0 -0.9952
0.1324 0 0.9912
-0.8819 0 0.4714
-0.2482 0 0.9687
0.765 0 -0.6441
0.3816 0 0.9243
-0.773 0 0.6344
-0.1781 0 0.984
-0.2492 0 0.9684
0.4714 0 0.8819
-0.6344 0 0.773
-0.0563 0 0.9984
0.6344 0 0.773
-0.4714 0 0.8819
-0.098 0 -0.9952
0.773 0 0.6344
-0.2903 0 0.9569
-0.2903 0 -0.9569
0.8819 0 0.4714
-0.098 0 0.9952
-0.4714 0 -0.8819
0.9569 0 0.2903
0.098 0 0.9952
-0.6344 0 -0.773
0.9952 0 0.098
0.9569 0 -0.2903
-0.773 0 -0.6344
0.9952 0 -0.098
0.8819 0 -0.4714
-0.8819 0 -0.4714
0.773 0 -0.6344
0.6344 0 -0.773
0.4714 0 -0.8819
0.8094 0 -0.5873
0.2903 0 -0.9569
0 -0.2943 -0.9557
0 0.2814 0.9596
0 -0.2814 0.9596
0 0.2943 -0.9557
-0.9569 0 0.2903
-0.9569 0 -0.2903
-0.9952 0 -0.098
-0.9952 0 0.098
736
0 0 1 2 0 0 0 1
0 0 2 3 0 0 0 1
0 4 5 6 1 1 1 1
0 4 6 7 1 1 1 1
0 8 9 10 2 2 2 1
0 8 10 11 2 2 2 1
0 12 13 14 3 3 3 1
0 12 14 15 3 3 3 1
0 16 17 18 4 4 4 1
0 16 18 19 4 4 4 1
0 20 21 22 5 5 5 1
0 20 22 23 5 5 5 1
0 24 25 26 6 6 6 1
0 24 26 27 6 6 6 1
0 28 29 30 7 7 7 1
0 28 30 31 7 7 7 1
0 32 33 34 8 8 8 1
0 32 34 35 8 8 8 1
0 36 37 38 9 9 9 1
0 36 38 39 9 9 9 1
0 40 41 42 10 10 10 1
0 40 42 43 10 10 10 1
0 44 45 46 11 11 11 1
0 44 46 47 11 11 11 1
0 48 49 50 12 12 12 1
0 48 50 51 12 12 12 1
0 52 53 54 13 13 13 1
0 52 54 55 13 13 13 1
0 56 57 58 14 14 14 1
0 56 58 59 14 14 14 1
0 60 61 62 15 15 15 1
0 60 62 63 15 15 15 1
0 64 65 66 16 16 16 1
0 64 66 67 16 16 16 1
0 68 69 70 17 17 17 1
0 68 70 71 17 17 17 1
0 72 73 74 18 18 18 1
0 72 74 75 18 18 18 1
0 76 77 78 19 19 19 1
0 76 78 79 19 19 19 1
0 80 81 82 20 20 20 1
0 80 82 83 20 20 20 1
0 84 85 86 21 21 21 1
0 84 86 87 21 21 21 1
0 88 89 90 22 22 22 1
0 88 90 91 22 22 22 1
0 0 92 93 0 0 0 1
0 0 93 1 0 0 0 1
0 4 94 95 1 1 1 1
0 4 95 5 1 1 1 1
0 8 96 97 2 2 2 1
0 8 97 9 2 2 2 1
0 12 98 99 3 3 3 1
0 12 99 13 3 3 3 1
0 16 100 101 4 4 4 1
0 16 101 17 4 4 4 1
0 20 102 103 5 5 5 1
0 20 103 21 5 5 5 1
0 24 104 105 6 6 6 1
0 24 105 25 6 6 6 1
0 28 106 107 7 7 7 1
0 28 107 29 7 7 7 1
0 32 108 109 8 8 8 1
0 32 109 33 8 8 8 1
0 40 110 111 10 10 10 1
0 40 111 41 10 10 10 1
0 36 112 113 9 9 9 1
0 36 113 37 9 9 9 1
0 114 115 116 23 23 23 1
0 114 116 117 23 23 23 1
0 118 119 120 24 24 24 1
0 118 120 121 24 24 24 1
0 122 123 124 25 25 25 1
0 122 124 125 25 25 25 1
0 126 127 128 26 26 26 1
0 126 128 129 26 26 26 1
0 130 131 132 27 27 27 1
0 130 132 133 27 27 27 1
0 134 135 136 28 28 28 1
0 134 136 137 28 28 28 1
0 138 139 140 29 29 29 1
0 138 140 141 29 29 29 1
0 142 143 144 30 30 30 1
0 142 144 145 30 30 30 1
0 146 147 148 31 31 31 1
0 146 148 149 31 31 31 1
0 150 151 152 32 32 32 1
0 150 152 153 32 32 32 1
0 154 155 156 33 33 33 1
0 154 156 157 33 33 33 1
0 158 159 160 34 34 34 1
0 158 160 161 34 34 34 1
0 162 163 164 35 35 35 1
0 162 164 165 35 35 35 1
0 166 167 168 36 36 36 1
0 166 168 169 36 36 36 1
0 170 171 172 37 37 37 1
0 170 172 173 37 37 37 1
0 174 175 176 38 38 38 1
0 174 176 177 38 38 38 1
0 178 179 180 39 39 39 1
0 178 180 181 39 39 39 1
0 182 183 184 40 40 40 1
0 182 184 185 40 40 40 1
0 186 187 188 41 41 41 1
0 186 188 189 41 41 41 1
0 190 191 192 42 42 42 1
0 190 192 193 42 42 42 1
0 194 195 196 43 43 43 1
0 194 196 197 43 43 43 1
0 198 199 200 44 44 44 1
0 198 200 201 44 44 44 1
0 202 203 204 45 45 45 1
0 202 204 205 45 45 45 1
0 206 207 208 46 46 46 1
0 206 208 209 46 46 46 1
0 210 211 212 47 47 47 1
0 210 212 213 47 47 47 1
0 214 215 216 19 19 19 1
0 214 216 217 19 19 19 1
0 218 219 220 18 18 18 1
0 218 220 221 18 18 18 1
0 222 223 224 48 48 48 1
0 222 224 225 48 48 48 1
0 226 227 228 49 49 49 1
0 226 228 229 49 49 49 1
0 230 231 232 17 17 17 1
0 230 232 233 17 17 17 1
0 234 235 236 50 50 50 1
0 234 236 237 50 50 50 1
0 238 239 240 21 21 21 1
0 238 240 241 21 21 21 1
0 242 243 244 22 22 22 1
0 242 244 245 22 22 22 1
0 246 247 248 51 51 51 1
0 246 248 249 51 51 51 1
0 250 251 252 20 20 20 1
0 250 252 253 20 20 20 1
0 254 255 256 52 52 52 1
0 254 256 257 52 52 52 1
0 258 259 260 53 53 53 1
0 258 260 261 53 53 53 1
0 262 263 264 13 13 13 1
0 262 264 265 13 13 13 1
0 266 267 268 12 12 12 1
0 266 268 269 12 12 12 1
0 270 271 272 54 54 54 1
0 270 272 273 54 54 54 1
0 274 275 276 55 55 55 1
0 274 276 277 55 55 55 1
0 278 279 280 11 11 11 1
0 278 280 281 11 11 11 1
0 282 283 284 16 16 16 1
0 282 284 285 16 16 16 1
0 286 287 288 56 56 56 1
0 286 288 289 56 56 56 1
0 290 291 292 57 57 57 1
0 290 292 293 57 57 57 1
0 294 295 296 15 15 15 1
0 294 296 297 15 15 15 1
0 298 299 300 14 14 14 1
0 298 300 301 14 14 14 1
0 302 303 304 58 58 58 1
0 302 304 305 58 58 58 1
0 306 307 308 39 39 39 1
0 306 308 309 39 39 39 1
0 310 311 312 38 38 38 1
0 310 312 313 38 38 38 1
0 314 315 316 37 37 37 1
0 314 316 317 37 37 37 1
0 318 319 320 36 36 36 1
0 318 320 321 36 36 36 1
0 322 323 324 35 35 35 1
0 322 324 325 35 35 35 1
0 326 327 328 46 46 46 1
0 326 328 329 46 46 46 1
0 330 331 332 45 45 45 1
0 330 332 333 45 45 45 1
0 334 335 336 44 44 44 1
0 334 336 337 44 44 44 1
0 338 339 340 43 43 43 1
0 338 340 341 43 43 43 1
0 342 343 344 41 41 41 1
0 342 344 345 41 41 41 1
0 346 347 348 28 28 28 1
0 346 348 349 28 28 28 1
0 350 351 352 26 26 26 1
0 350 352 353 26 26 26 1
0 354 355 356 24 24 24 1
0 354 356 357 24 24 24 1
0 358 359 360 33 33 33 1
0 358 360 361 33 33 33 1
0 362 363 364 32 32 32 1
0 362 364 365 32 32 32 1
0 366 367 368 29 29 29 1
0 366 368 369 29 29 29 1
0 370 371 372 7 7 7 1
0 370 372 373 7 7 7 1
0 374 375 376 8 8 8 1
0 374 376 377 8 8 8 1
0 378 379 380 0 0 0 1
0 378 380 381 0 0 0 1
0 382 383 384 3 3 3 1
0 382 384 385 3 3 3 1
0 386 387 388 2 2 2 1
0 386 388 389 2 2 2 1
0 390 391 392 27 27 27 1
0 390 392 393 27 27 27 1
0 394 395 396 25 25 25 1
0 394 396 397 25 25 25 1
0 398 399 400 23 23 23 1
0 398 400 401 23 23 23 1
0 402 403 404 34 34 34 1
0 402 404 405 34 34 34 1
0 406 407 408 31 31 31 1
0 406 408 409 31 31 31 1
0 410 411 412 30 30 30 1
0 410 412 413 30 30 30 1
0 414 415 416 59 59 59 1
0 414 416 417 59 59 59 1
0 418 419 420 60 60 60 1
0 418 420 421 60 60 60 1
0 418 421 422 60 60 60 1
0 423 424 425 10 10 10 1
0 423 425 426 10 10 10 1
0 427 428 429 9 9 9 1
0 427 429 430 9 9 9 1
0 431 432 433 61 61 61 1
0 431 433 434 61 61 61 1
0 431 434 435 61 61 61 1
0 436 437 438 1 1 1 1
0 436 438 439 1 1 1 1
0 440 441 442 51 51 51 1
0 440 442 443 51 51 51 1
0 444 445 446 50 50 50 1
0 444 446 447 50 50 50 1
0 448 449 450 52 52 52 1
0 448 450 451 52 52 52 1
0 452 453 454 47 47 47 1
0 452 454 455 47 47 47 1
0 456 457 458 54 54 54 1
0 456 458 459 54 54 54 1
0 460 461 462 55 55 55 1
0 460 462 463 55 55 55 1
0 414 464 465 59 59 59 1
0 414 465 415 59 59 59 1
0 466 467 468 62 62 62 1
0 466 468 469 62 62 62 1
0 466 469 470 62 62 62 1
0 471 373 372 7 7 7 1
0 471 372 472 7 7 7 1
0 473 377 376 8 8 8 1
0 473 376 474 8 8 8 1
0 475 426 425 10 10 10 1
0 475 425 476 10 10 10 1
0 477 430 429 9 9 9 1
0 477 429 478 9 9 9 1
0 479 381 380 0 0 0 1
0 479 380 480 0 0 0 1
0 481 439 438 1 1 1 1
0 481 438 482 1 1 1 1
0 483 389 388 2 2 2 1
0 483 388 484 2 2 2 1
0 485 385 384 3 3 3 1
0 485 384 486 3 3 3 1
0 487 488 489 63 63 63 1
0 487 489 490 63 63 63 1
0 487 490 491 63 63 63 1
0 492 493 494 42 42 42 1
0 492 494 495 42 42 42 1
0 496 497 498 40 40 40 1
0 496 498 499 40 40 40 1
0 500 501 502 5 5 5 1
0 500 502 503 5 5 5 1
0 504 505 506 6 6 6 1
0 504 506 507 6 6 6 1
0 508 509 510 56 56 56 1
0 508 510 511 56 56 56 1
0 512 513 514 49 49 49 1
0 512 514 515 49 49 49 1
0 516 517 518 58 58 58 1
0 516 518 519 58 58 58 1
0 520 521 522 57 57 57 1
0 520 522 523 57 57 57 1
0 524 525 526 48 48 48 1
0 524 526 527 48 48 48 1
0 528 529 530 53 53 53 1
0 528 530 531 53 53 53 1
0 532 533 534 5 5 5 1
0 532 534 535 5 5 5 1
0 536 537 538 6 6 6 1
0 536 538 539 6 6 6 1
0 540 541 542 64 64 64 1
0 540 542 543 64 64 64 1
0 540 543 544 64 64 64 1
0 545 546 547 65 65 65 1
0 545 547 548 65 65 65 1
0 545 548 549 65 65 65 1
0 550 551 552 66 66 66 1
0 550 552 553 66 66 66 1
0 550 553 554 66 66 66 1
0 555 556 557 67 67 67 1
0 555 557 558 67 67 67 1
0 555 558 559 67 67 67 1
0 560 561 562 68 68 68 1
0 560 562 563 68 68 68 1
0 564 565 566 69 69 69 1
0 564 566 567 69 69 69 1
0 568 569 570 70 70 70 1
0 568 570 571 70 70 70 1
0 572 573 574 71 71 71 1
0 572 574 575 71 71 71 1
0 576 577 578 72 72 72 1
0 576 578 579 72 72 72 1
0 580 581 582 73 73 73 1
0 580 582 583 73 73 73 1
0 584 585 586 74 74 74 1
0 584 586 587 74 74 74 1
0 588 589 590 75 75 75 1
0 588 590 591 75 75 75 1
0 592 593 594 76 76 76 1
0 592 594 595 76 76 76 1
0 596 597 598 77 77 77 1
0 596 598 599 77 77 77 1
0 600 601 602 78 78 78 1
0 600 602 603 78 78 78 1
0 604 605 606 79 79 79 1
0 604 606 607 79 79 79 1
0 608 609 610 80 80 80 1
0 608 610 611 80 80 80 1
0 612 613 614 81 81 81 1
0 612 614 615 81 81 81 1
0 616 617 618 82 82 82 1
0 616 618 619 82 82 82 1
0 620 621 622 83 83 83 1
0 620 622 623 83 83 83 1
0 624 625 626 84 84 84 1
0 624 626 627 84 84 84 1
0 628 629 630 85 85 85 1
0 628 630 631 85 85 85 1
0 632 633 634 86 86 86 1
0 632 634 635 86 86 86 1
0 636 637 638 87 87 87 1
0 636 638 639 87 87 87 1
0 640 641 642 88 88 88 1
0 640 642 643 88 88 88 1
0 644 645 646 89 89 89 1
0 644 646 647 89 89 89 1
0 648 649 650 90 90 90 1
0 648 650 651 90 90 90 1
0 652 653 654 91 91 91 1
0 652 654 655 91 91 91 1
0 656 657 658 92 92 92 1
0 656 658 659 92 92 92 1
0 660 661 662 93 93 93 1
0 660 662 663 93 93 93 1
0 664 665 666 94 94 94 1
0 664 666 667 94 94 94 1
0 668 669 670 95 95 95 1
0 668 670 671 95 95 95 1
0 672 673 674 96 96 96 1
0 672 674 675 96 96 96 1
0 676 677 678 97 97 97 1
0 676 678 679 97 97 97 1
0 680 681 682 98 98 98 1
0 680 682 683 98 98 98 1
0 684 685 686 99 99 99 1
0 684 686 687 99 99 99 1
0 688 689 690 100 100 100 1
0 688 690 691 100 100 100 1
0 692 693 694 101 101 101 1
0 692 694 695 101 101 101 1
0 696 697 698 102 102 102 1
0 696 698 699 102 102 102 1
0 700 701 702 103 103 103 1
0 700 702 703 103 103 103 1
0 704 705 706 64 64 64 1
0 704 706 707 64 64 64 1
0 708 709 710 65 65 65 1
0 708 710 711 65 65 65 1
0 712 713 714 66 66 66 1
0 712 714 715 66 66 66 1
0 716 717 718 67 67 67 1
0 716 718 719 67 67 67 1
0 720 721 717 67 67 67 1
0 720 717 716 67 67 67 1
0 722 723 713 66 66 66 1
0 722 713 712 66 66 66 1
0 724 725 709 65 65 65 1
0 724 709 708 65 65 65 1
0 726 727 705 64 64 64 1
0 726 705 704 64 64 64 1
0 728 729 730 104 104 104 1
0 728 730 731 104 104 104 1
0 728 731 732 104 104 104 1
0 728 732 733 104 104 104 1
0 734 728 733 104 104 104 1
0 734 733 735 104 104 104 1
0 734 736 729 104 104 104 1
0 734 729 728 104 104 104 1
0 687 686 737 99 99 99 1
0 687 737 738 99 99 99 1
0 683 682 739 98 98 98 1
0 683 739 740 98 98 98 1
0 679 678 741 97 97 97 1
0 679 741 742 97 97 97 1
0 675 674 743 96 96 96 1
0 675 743 744 96 96 96 1
0 745 746 747 105 105 105 1
0 745 747 748 105 105 105 1
0 749 750 751 106 106 106 1
0 749 751 752 106 106 106 1
0 753 754 755 107 107 107 1
0 753 755 756 107 107 107 1
0 757 758 759 108 108 108 1
0 757 759 760 108 108 108 1
0 761 762 763 109 109 109 1
0 761 763 764 109 109 109 1
0 765 766 767 110 110 110 1
0 765 767 768 110 110 110 1
0 769 770 771 111 111 111 1
0 769 771 772 111 111 111 1
0 773 774 775 112 112 112 1
0 773 775 776 112 112 112 1
0 777 778 779 99 99 99 1
0 777 779 780 99 99 99 1
0 781 782 783 97 97 97 1
0 781 783 784 97 97 97 1
0 785 786 787 96 96 96 1
0 785 787 788 96 96 96 1
0 789 790 791 98 98 98 1
0 789 791 792 98 98 98 1
0 793 794 795 113 113 113 1
0 793 795 796 113 113 113 1
0 797 798 799 114 114 114 1
0 797 799 800 114 114 114 1
0 801 802 803 96 96 96 1
0 801 803 804 96 96 96 1
0 805 806 807 97 97 97 1
0 805 807 808 97 97 97 1
0 809 810 811 98 98 98 1
0 809 811 812 98 98 98 1
0 813 814 815 99 99 99 1
0 813 815 816 99 99 99 1
0 817 556 555 67 67 67 1
0 817 555 818 67 67 67 1
0 817 818 819 67 67 67 1
0 820 821 822 66 66 66 1
0 820 822 551 66 66 66 1
0 820 551 550 66 66 66 1
0 823 824 825 65 65 65 1
0 823 825 546 65 65 65 1
0 823 546 545 65 65 65 1
0 826 541 540 64 64 64 1
0 826 540 827 64 64 64 1
0 826 827 828 64 64 64 1
0 829 830 831 115 115 115 1
0 829 831 832 115 115 115 1
0 833 834 835 116 116 116 1
0 833 835 836 116 116 116 1
0 837 838 839 117 117 117 1
0 837 839 840 117 117 117 1
0 838 837 841 117 117 117 1
0 838 841 842 117 117 117 1
0 843 844 830 115 115 115 1
0 843 830 829 115 115 115 1
0 843 829 845 115 115 115 1
0 843 845 846 115 115 115 1
0 847 848 800 114 114 114 1
0 847 800 799 114 114 114 1
0 847 799 849 114 114 114 1
0 847 849 850 114 114 114 1
0 851 852 853 118 118 118 1
0 851 853 854 118 118 118 1
0 855 856 857 119 119 119 1
0 855 857 858 119 119 119 1
0 859 860 861 114 114 114 1
0 859 861 862 114 114 114 1
0 859 862 863 114 114 114 1
0 859 863 864 114 114 114 1
0 859 864 865 114 114 114 1
0 859 865 866 114 114 114 1
0 859 866 867 114 114 114 1
0 859 867 868 114 114 114 1
0 869 870 871 115 115 115 1
0 869 871 872 115 115 115 1
0 869 872 873 115 115 115 1
0 869 873 874 115 115 115 1
0 869 874 875 115 115 115 1
0 869 875 876 115 115 115 1
0 869 876 877 115 115 115 1
0 869 877 878 115 115 115 1
0 879 880 881 120 120 120 1
0 879 881 882 120 120 120 1
0 879 882 883 120 120 120 1
0 884 885 886 121 121 121 1
0 884 886 887 121 121 121 1
0 884 887 888 121 121 121 1
0 884 888 889 121 121 121 1
0 884 889 890 121 121 121 1
0 884 890 891 121 121 121 1
0 884 891 892 121 121 121 1
0 884 892 893 121 121 121 1
0 884 893 894 121 121 121 1
0 895 896 897 122 122 122 1
0 895 897 898 122 122 122 1
0 899 900 901 123 123 123 1
0 899 901 902 123 123 123 1
0 903 904 905 124 124 124 1
0 903 905 906 124 124 124 1
0 903 906 907 124 124 124 1
0 906 905 908 124 124 124 1
0 906 908 909 124 124 124 1
0 906 909 904 124 124 124 1
0 906 904 903 124 124 124 1
0 906 903 910 124 124 124 1
0 906 910 911 124 124 124 1
0 906 911 912 124 124 124 1
0 913 914 915 125 125 125 1
0 913 915 916 125 125 125 1
0 917 918 919 126 126 126 1
0 917 919 920 126 126 126 1
0 921 922 923 127 127 127 1
0 921 923 924 127 127 127 1
0 925 926 927 128 128 128 1
0 925 927 928 128 128 128 1
0 929 930 931 129 129 129 1
0 929 931 932 129 129 129 1
0 933 934 935 130 130 130 1
0 933 935 936 130 130 130 1
0 937 938 939 114 114 114 1
0 940 941 942 115 115 115 1
0 943 944 945 131 131 131 1
0 943 945 946 131 131 131 1
0 947 948 949 132 132 132 1
0 947 949 950 132 132 132 1
0 951 952 953 133 133 133 1
0 951 953 954 133 133 133 1
0 955 956 957 134 134 134 1
0 955 957 958 134 134 134 1
0 959 960 961 135 135 135 1
0 959 961 962 135 135 135 1
0 963 964 965 136 136 136 1
0 963 965 966 136 136 136 1
0 967 968 969 137 137 137 1
0 967 969 970 137 137 137 1
0 971 972 973 138 138 138 1
0 971 973 974 138 138 138 1
0 975 976 977 139 139 139 1
0 975 977 978 139 139 139 1
0 979 980 981 140 140 140 1
0 979 981 982 140 140 140 1
0 983 984 985 141 141 141 1
0 983 985 986 141 141 141 1
0 987 988 989 142 142 142 1
0 987 989 990 142 142 142 1
0 991 992 993 143 143 143 1
0 991 993 994 143 143 143 1
0 995 996 997 144 144 144 1
0 995 997 998 144 144 144 1
0 999 1000 1001 145 145 145 1
0 999 1001 1002 145 145 145 1
0 1003 1004 1005 146 146 146 1
0 1003 1005 1006 146 146 146 1
0 1007 1008 1009 147 147 147 1
0 1007 1009 1010 147 147 147 1
0 1011 1012 1013 148 148 148 1
0 1011 1013 1014 148 148 148 1
0 1015 1016 1017 149 149 149 1
0 1015 1017 1018 149 149 149 1
0 1019 1020 1021 150 150 150 1
0 1019 1021 1022 150 150 150 1
0 1023 1024 1025 151 151 151 1
0 1023 1025 1026 151 151 151 1
0 1027 1028 1029 152 152 152 1
0 1027 1029 1030 152 152 152 1
0 1031 1032 1033 153 153 153 1
0 1031 1033 1034 153 153 153 1
0 1035 1036 1037 154 154 154 1
0 1035 1037 1038 154 154 154 1
0 1039 1040 1041 155 155 155 1
0 1039 1041 1042 155 155 155 1
0 1043 1044 1045 156 156 156 1
0 1043 1045 1046 156 156 156 1
0 1047 1048 1049 157 157 157 1
0 1047 1049 1050 157 157 157 1
0 1051 1052 1053 158 158 158 1
0 1051 1053 1054 158 158 158 1
0 1055 1056 1057 159 159 159 1
0 1055 1057 1058 159 159 159 1
0 1059 1060 1061 160 160 160 1
0 1059 1061 1062 160 160 160 1
0 1063 1064 1065 161 161 161 1
0 1063 1065 1066 161 161 161 1
0 1067 1068 1069 157 157 157 1
0 1067 1069 1070 157 157 157 1
0 1071 1072 1073 162 162 162 1
0 1071 1073 1074 162 162 162 1
0 1075 1076 1077 160 160 160 1
0 1075 1077 1078 160 160 160 1
0 1079 1080 1081 163 163 163 1
0 1079 1081 1082 163 163 163 1
0 1083 1084 1085 162 162 162 1
0 1083 1085 1086 162 162 162 1
0 1087 1088 1089 164 164 164 1
0 1087 1089 1090 164 164 164 1
0 1091 1092 1093 165 165 165 1
0 1091 1093 1094 165 165 165 1
0 1095 1096 1097 166 166 166 1
0 1095 1097 1098 166 166 166 1
0 1099 1100 1101 115 115 115 1
0 1100 1102 1103 115 115 115 1
0 1102 1104 1105 115 115 115 1
0 1104 1106 1105 115 115 115 1
0 1105 1103 1102 115 115 115 1
0 1103 1101 1100 115 115 115 1
0 1101 1107 1099 115 115 115 1
0 1107 1108 1109 115 115 115 1
0 1108 1110 1111 115 115 115 1
0 1107 1109 1099 115 115 115 1
0 1110 1112 1113 115 115 115 1
0 1112 1114 1113 115 115 115 1
0 1110 1113 1111 115 115 115 1
0 1114 1115 1116 115 115 115 1
0 1115 1117 941 115 115 115 1
0 1114 1116 1113 115 115 115 1
0 1117 942 941 115 115 115 1
0 942 1118 940 115 115 115 1
0 940 1118 1119 115 115 115 1
0 1119 1120 1121 115 115 115 1
0 1121 1120 1122 115 115 115 1
0 1120 1123 1122 115 115 115 1
0 1123 1124 1122 115 115 115 1
0 1122 1124 1125 115 115 115 1
0 1124 1126 1125 115 115 115 1
0 1126 1127 1128 115 115 115 1
0 1127 1129 1128 115 115 115 1
0 1129 1130 1131 115 115 115 1
0 1131 1130 1132 115 115 115 1
0 1130 1133 1132 115 115 115 1
0 1133 1134 1135 115 115 115 1
0 1134 1136 1137 115 115 115 1
0 1136 1138 1137 115 115 115 1
0 1133 1135 1132 115 115 115 1
0 1126 1128 1125 115 115 115 1
0 1134 1137 1135 115 115 115 1
0 1109 1108 1111 115 115 115 1
0 1129 1131 1128 115 115 115 1
0 1116 1115 941 115 115 115 1
0 1119 1121 940 115 115 115 1
0 1139 1140 1141 114 114 114 1
0 1141 1142 1139 114 114 114 1
0 1142 1143 1144 114 114 114 1
0 1139 1142 1144 114 114 114 1
0 1143 1145 1146 114 114 114 1
0 1145 1147 1148 114 114 114 1
0 1146 1145 1148 114 114 114 1
0 1147 1149 1150 114 114 114 1
0 1149 1151 1150 114 114 114 1
0 1147 1150 1148 114 114 114 1
0 1151 1152 1153 114 114 114 1
0 1152 1154 1155 114 114 114 1
0 1151 1153 1150 114 114 114 1
0 1154 1156 1155 114 114 114 1
0 1156 937 939 114 114 114 1
0 1155 1156 939 114 114 114 1
0 937 1157 938 114 114 114 1
0 1157 1158 938 114 114 114 1
0 938 1158 1159 114 114 114 1
0 1158 1160 1159 114 114 114 1
0 1160 1161 1159 114 114 114 1
0 1159 1161 1162 114 114 114 1
0 1161 1163 1162 114 114 114 1
0 1163 1164 1165 114 114 114 1
0 1164 1166 1165 114 114 114 1
0 1166 1167 1168 114 114 114 1
0 1167 1169 1170 114 114 114 1
0 1169 1171 1172 114 114 114 1
0 1171 1173 1174 114 114 114 1
0 1173 1175 1176 114 114 114 1
0 1175 1177 1178 114 114 114 1
0 1176 1174 1173 114 114 114 1
0 1174 1172 1171 114 114 114 1
0 1175 1178 1176 114 114 114 1
0 1169 1172 1170 114 114 114 1
0 1163 1165 1162 114 114 114 1
0 1166 1168 1165 114 114 114 1
0 1143 1146 1144 114 114 114 1
0 1153 1152 1155 114 114 114 1
0 1167 1170 1168 114 114 114 1
0 1179 1180 1181 115 115 115 1
0 1179 1181 1182 115 115 115 1
0 1179 1182 1183 115 115 115 1
0 1184 1185 1186 114 114 114 1
0 1184 1186 1187 114 114 114 1
0 1184 1187 1188 114 114 114 1
0 1189 1190 1191 167 167 167 1
0 1189 1191 1192 167 167 167 1
0 1193 1194 1195 168 168 168 1
0 1193 1195 1196 168 168 168 1
0 1197 1198 1199 169 169 169 1
0 1197 1199 1200 169 169 169 1
0 1201 1202 1180 115 115 115 1
0 1201 1180 1179 115 115 115 1
0 1201 1179 1203 115 115 115 1
0 1201 1203 1204 115 115 115 1
0 1205 1206 1207 170 170 170 1
0 1205 1207 1208 170 170 170 1
0 1187 1186 1209 114 114 114 1
0 1187 1209 1210 114 114 114 1
0 1187 1210 1211 114 114 114 1
0 1187 1211 1212 114 114 114 1
0 1213 1214 1215 171 171 171 1
0 1213 1215 1216 171 171 171 1
0 1213 1216 1217 171 171 171 1
0 1213 1217 1218 171 171 171 1
0 1213 1218 1219 171 171 171 1
0 1213 1219 1220 171 171 171 1
0 1213 1220 1221 171 171 171 1
0 1222 1223 1224 172 172 172 1
0 1222 1224 1225 172 172 172 1
0 1222 1225 1226 172 172 172 1
0 1222 1226 1227 172 172 172 1
0 1222 1227 1228 172 172 172 1
0 1222 1228 1229 172 172 172 1
0 1222 1229 1230 172 172 172 1
0 1231 1232 1233 173 173 173 1
0 1231 1233 1234 173 173 173 1
0 1231 1234 1235 173 173 173 1
0 1236 1237 1238 173 173 173 1
0 1236 1238 1239 173 173 173 1
0 1236 1239 1240 173 173 173 1
0 1241 1242 1243 174 174 174 1
0 1241 1243 1244 174 174 174 1
0 1245 1246 1247 174 174 174 1
0 1245 1247 1248 174 174 174 1
Materials: 1
"GoldTexture"
1.000000 1.000000 1.000000 1
0.800000 0.800000 0.800000 1
0.500000 0.500000 0.500000 1
0.000000 0.000000 0.000000 1
323.999994
1.000000
"GoldLead_S.jpg"
""
Bones: 1
"Bone01"
""
0 0 0 0 0 0 0
1
1 0 0 0
1
1 0 0 0

GroupComments: 0
MaterialComments: 0
BoneComments: 0
ModelComment: 0