// MilkShape 3D ASCII
// Converted from .obj with obj2ms3dascii.lua by FMS_Cat
// https://github.com/FMS-Cat/obj2ms3dascii
Frames: 30
Frame: 1
Meshes: 3
"Rail_Cylinder.001" 0 0
378
0 0.644176 42.028927 27.98913 0.947393 0.401666 -1
0 0.644178 43.018223 27.98913 0.951146 0.401666 -1
0 0 43.018223 27.98913 0.951146 0.407775 -1
0 0 42.028927 27.98913 0.947393 0.407775 -1
0 -4.330127 19.999998 -2.499999 0.23591 0.815551 -1
0 -4.330127 19.999998 -2.499999 0.23591 0.815551 -1
0 -2.5 19.999998 -4.330126 0.23591 0.815551 -1
0 -2.5 19.999998 -4.330126 0.23591 0.815551 -1
0 0.644178 43.018223 27.98913 0.268878 0.493557 -1
0 49.994759 43.018223 27.99493 0.26882 0 -1
0 49.994759 43.018223 24.996799 0.298805 0 -1
0 0.644178 43.018223 24.990999 0.298862 0.493557 -1
0 -0.644176 42.028927 -27.98913 0.947393 0.401666 -1
0 -0.644178 43.018223 -27.98913 0.951146 0.401666 -1
0 0 43.018223 -27.98913 0.951146 0.407775 -1
0 0 42.028927 -27.98913 0.947393 0.407775 -1
0 -0.644178 43.018223 -27.98913 0.000058 0.493557 -1
0 -49.994759 43.018223 -27.99493 0 0 -1
0 -49.994759 43.018223 -24.996799 0.029984 0 -1
0 -0.644178 43.018223 -24.990999 0.030042 0.493557 -1
0 -0.644178 43.018223 27.98913 0.268878 0.506443 -1
0 -0.644178 43.018223 24.990999 0.298862 0.506443 -1
0 -49.994759 43.018223 24.996799 0.298805 1 -1
0 -49.994759 43.018223 27.99493 0.26882 1 -1
0 -0.644176 42.028927 27.98913 0.947393 0.401666 -1
0 -0.644178 43.018223 27.98913 0.951146 0.401666 -1
0 -4.330127 19.999998 2.499999 0.23591 0.815551 -1
0 -2.5 19.999998 4.330126 0.23591 0.815551 -1
0 -2.5 19.999998 4.330126 0.23591 0.815551 -1
0 -4.330127 19.999998 2.499999 0.23591 0.815551 -1
0 0 19.999998 -4.999999 0.23591 0.815551 -1
0 0 19.999998 -4.999999 0.23591 0.815551 -1
0 4.330127 19.999998 -2.499999 0.23591 0.815551 -1
0 2.5 19.999998 -4.330126 0.23591 0.815551 -1
0 2.5 19.999998 -4.330126 0.23591 0.815551 -1
0 4.330127 19.999998 -2.499999 0.23591 0.815551 -1
0 0.644178 43.018223 -27.98913 0.000058 0.506443 -1
0 0.644178 43.018223 -24.990999 0.030042 0.506443 -1
0 49.994759 43.018223 -24.996799 0.029984 1 -1
0 49.994759 43.018223 -27.99493 0 1 -1
0 -5 19.999998 0 0.23591 0.815551 -1
0 -5 19.999998 0 0.23591 0.815551 -1
0 0.644176 42.028927 -27.98913 0.947393 0.401666 -1
0 0.644178 43.018223 -27.98913 0.951146 0.401666 -1
0 0 19.999998 4.999999 0.23591 0.815551 -1
0 0 19.999998 4.999999 0.23591 0.815551 -1
0 -0.644176 42.028927 -24.990999 0.481287 0.413885 -1
0 -49.994755 42.028927 -24.996799 0.481287 0.815551 -1
0 -49.994755 42.028927 -27.99493 0.47182 0.815551 -1
0 -0.644176 42.028927 -27.98913 0.47182 0.413885 -1
0 0 43.018223 -1.288341 0.267094 0.5 -1
0 0 43.018223 -24.990999 0.030042 0.5 -1
0 -0.644176 43.018223 -1.115736 0.26882 0.493557 -1
0 -0.644176 43.018223 -1.115736 0.66724 0.454 -1
0 -0.644178 43.018223 -24.990999 0.66724 0.215222 -1
0 -0.644176 42.028927 -24.990999 0.671197 0.215222 -1
0 -0.644174 42.028927 -1.115736 0.671197 0.454 -1
0 -0.644174 42.028927 -1.115736 0.70773 0.413885 -1
0 0 42.028927 -24.990999 0.481287 0.407775 -1
0 0 42.028927 -1.288341 0.706093 0.407775 -1
0 -0.644176 43.018223 1.115736 0.962406 0.226443 -1
0 -0.644174 42.028927 1.115736 0.966159 0.226443 -1
0 -0.644176 42.028927 24.990999 0.966159 0 -1
0 -0.644178 43.018223 24.990999 0.962406 0 -1
0 -0.644178 43.018223 -24.990999 0.724402 0 -1
0 -49.994759 43.018223 -24.996799 0.724402 0.493558 -1
0 -49.994755 42.028927 -24.996799 0.720444 0.493558 -1
0 -0.644176 42.028927 -24.990999 0.720444 0 -1
0 -0.644176 42.028927 -27.98913 0.947393 0.401666 -1
0 -49.994755 42.028927 -27.99493 0.947393 0 -1
0 -49.994759 43.018223 -27.99493 0.951147 0 -1
0 -0.644178 43.018223 -27.98913 0.951146 0.401666 -1
0 0.644174 42.028927 1.115736 0.70773 0.413885 -1
0 0.644176 42.028927 24.990999 0.481287 0.413885 -1
0 0 42.028927 24.990999 0.481287 0.407775 -1
0 0 42.028927 1.288341 0.706093 0.407775 -1
0 0 43.018223 -27.98913 0.000058 0.5 -1
0 0.644176 43.018223 -1.115736 0.26882 0.506443 -1
0 2.5 19.999998 4.330126 0.23591 0.815551 -1
0 2.5 19.999998 4.330126 0.23591 0.815551 -1
0 5 19.999998 0 0.23591 0.815551 -1
0 5 19.999998 0 0.23591 0.815551 -1
0 0.644176 43.018223 -1.115736 0.671197 0.215222 -1
0 0.644174 42.028927 -1.115736 0.675155 0.215222 -1
0 0.644176 42.028927 -24.990999 0.675155 0.454 -1
0 0.644178 43.018223 -24.990999 0.671197 0.454 -1
0 0.644178 43.018223 -24.990999 0.720444 0.493557 -1
0 0.644176 42.028927 -24.990999 0.716486 0.493557 -1
0 49.994755 42.028927 -24.996799 0.716486 0 -1
0 49.994759 43.018223 -24.996799 0.720444 0 -1
0 0.644176 42.028927 -24.990999 0.712529 0.493561 -1
0 0.644176 42.028927 -27.98913 0.682544 0.493557 -1
0 49.994755 42.028927 -27.99493 0.682544 0 -1
0 49.994755 42.028927 -24.996799 0.712529 0.000003 -1
0 0 42.028927 -27.98913 0.47182 0.407775 -1
0 0.644176 42.028927 -27.98913 0.728359 0 -1
0 0.644178 43.018223 -27.98913 0.732317 0 -1
0 49.994759 43.018223 -27.99493 0.732317 0.493558 -1
0 49.994755 42.028927 -27.99493 0.728359 0.493558 -1
0 0.644174 42.028927 -1.115736 0.681597 0.383682 -1
0 0 42.028927 -1.288341 0.675155 0.381956 -1
0 0 42.028927 -24.990999 0.675155 0.144904 -1
0 0.644176 42.028927 -24.990999 0.681597 0.144904 -1
0 0.644176 43.018223 1.115736 0.728359 0.732335 -1
0 0.644178 43.018223 24.990999 0.728359 0.493557 -1
0 0.644176 42.028927 24.990999 0.732317 0.493557 -1
0 0.644174 42.028927 1.115736 0.732317 0.732335 -1
0 -0.644176 42.028927 24.990999 0.481287 0.413885 -1
0 -0.644176 42.028927 27.98913 0.47182 0.413885 -1
0 -49.994755 42.028927 27.99493 0.47182 0.815551 -1
0 -49.994755 42.028927 24.996799 0.481287 0.815551 -1
0 4.330127 19.999998 2.499999 0.23591 0.815551 -1
0 4.330127 19.999998 2.499999 0.23591 0.815551 -1
0 0.644176 42.028927 -24.990999 0.481287 0.413885 -1
0 0.644176 42.028927 -27.98913 0.47182 0.413885 -1
0 0 43.018223 1.288341 0.535914 0.5 -1
0 0 43.018223 24.990999 0.298862 0.5 -1
0 0.644176 43.018223 1.115736 0.53764 0.493557 -1
0 0 42.028927 27.98913 0.47182 0.407775 -1
0 -0.644174 42.028927 1.115736 0.70773 0.413885 -1
0 0 43.018223 27.98913 0.268878 0.5 -1
0 -0.644176 43.018223 1.115736 0.53764 0.506443 -1
0 49.994755 42.028927 24.996799 0.481287 0.815551 -1
0 49.994755 42.028927 27.99493 0.47182 0.815551 -1
0 0.644176 42.028927 27.98913 0.47182 0.413885 -1
0 0.644176 42.028927 27.98913 0.947393 0.401666 -1
0 49.994755 42.028927 27.99493 0.947393 0 -1
0 49.994759 43.018223 27.99493 0.951147 0 -1
0 0.644178 43.018223 27.98913 0.951146 0.401666 -1
0 -0.644178 43.018223 24.990999 0.728359 0.493557 -1
0 -0.644176 42.028927 24.990999 0.724402 0.493557 -1
0 -49.994755 42.028927 24.996799 0.724402 0 -1
0 -49.994759 43.018223 24.996799 0.728359 0 -1
0 -0.644176 42.028927 27.98913 0.947393 0.401666 -1
0 -0.644178 43.018223 27.98913 0.951146 0.401666 -1
0 -49.994759 43.018223 27.99493 0.951147 0 -1
0 -49.994755 42.028927 27.99493 0.947393 0 -1
0 -49.994759 43.018223 -24.996799 0.855449 0.948224 -1
0 -49.994759 43.018223 -27.99493 0.855449 0.938757 -1
0 -49.994755 42.028927 -27.99493 0.859202 0.938757 -1
0 -49.994755 42.028927 -24.996799 0.859202 0.948224 -1
0 49.994759 43.018223 -24.996799 0.637651 0.307656 -1
0 49.994755 42.028927 -24.996799 0.641608 0.307656 -1
0 49.994755 42.028927 -27.99493 0.641608 0.337641 -1
0 49.994759 43.018223 -27.99493 0.637651 0.337641 -1
0 49.994759 43.018223 24.996799 0.637651 0.307656 -1
0 49.994759 43.018223 27.99493 0.637651 0.277672 -1
0 49.994755 42.028927 27.99493 0.641608 0.277672 -1
0 49.994755 42.028927 24.996799 0.641608 0.307656 -1
0 0.644178 43.018223 24.990999 0.716486 0 -1
0 49.994759 43.018223 24.996799 0.716486 0.493558 -1
0 49.994755 42.028927 24.996799 0.712529 0.493558 -1
0 0.644176 42.028927 24.990999 0.712529 0 -1
0 -49.994759 43.018223 24.996799 0.855449 0.948224 -1
0 -49.994755 42.028927 24.996799 0.859202 0.948224 -1
0 -49.994755 42.028927 27.99493 0.859202 0.938757 -1
0 -49.994759 43.018223 27.99493 0.855449 0.938757 -1
0 0 -15.000001 -10 0.655989 0.43245 -1
0 0 19.999998 -4.999999 0.53764 0.441908 -1
0 2.5 19.999998 -4.330126 0.53764 0.416826 -1
0 5 -15.000001 -8.660254 0.655989 0.382285 -1
0 5 -15.000001 -8.660254 0.655989 0.382285 -1
0 2.5 19.999998 -4.330126 0.53764 0.416826 -1
0 4.330127 19.999998 -2.499999 0.541624 0.398146 -1
0 8.660254 -15.000001 -5 0.663956 0.344925 -1
0 8.660254 -15.000001 -5 0.53764 0.75346 -1
0 4.330127 19.999998 -2.499999 0.583104 0.635082 -1
0 5 19.999998 0 0.605784 0.632907 -1
0 9.999999 -15.000001 0 0.582999 0.749111 -1
0 0 -15.000001 10 0.53764 0.486484 -1
0 5 -15.000001 8.660254 0.587645 0.481977 -1
0 2.5 19.999998 4.330126 0.587645 0.630654 -1
0 0 19.999998 4.999999 0.562643 0.632907 -1
0 5 -15.000001 8.660254 0.587645 0.481977 -1
0 8.660254 -15.000001 5 0.637651 0.486484 -1
0 4.330127 19.999998 2.499999 0.612648 0.632907 -1
0 2.5 19.999998 4.330126 0.587645 0.630654 -1
0 8.660254 -15.000001 5 0.634586 0.75346 -1
0 9.999999 -15.000001 0 0.582999 0.749111 -1
0 5 19.999998 0 0.605784 0.632907 -1
0 4.330127 19.999998 2.499999 0.631577 0.635082 -1
0 -5 -15.000001 8.660254 0.316919 0.815551 -1
0 -2.5 19.999998 4.330126 0.449881 0.85662 -1
0 -4.330127 19.999998 2.499999 0.449747 0.873977 -1
0 -8.660254 -15.000001 5 0.316651 0.850266 -1
0 -4.330127 19.999998 -2.499999 0.853057 0.836085 -1
0 -6.495189 39.999996 -3.75 0.928867 0.815551 -1
0 -3.749998 39.999996 -6.49519 0.928724 0.841587 -1
0 -2.5 19.999998 -4.330126 0.852962 0.853443 -1
0 0 -15.000001 -10 0.655989 0.43245 -1
0 -5 -15.000001 -8.660254 0.663956 0.481977 -1
0 -2.5 19.999998 -4.330126 0.541624 0.466672 -1
0 0 19.999998 -4.999999 0.53764 0.441908 -1
0 0 -15.000001 10 0.729566 0.815551 -1
0 0 19.999998 4.999999 0.729566 0.948591 -1
0 -2.5 19.999998 4.330126 0.705855 0.948626 -1
0 -5 -15.000001 8.660254 0.682144 0.815621 -1
0 -8.660254 -15.000001 -5 0.316651 0.945111 -1
0 -9.999999 -15.000001 0 0.316553 0.897688 -1
0 -5 19.999998 0 0.449697 0.897688 -1
0 -4.330127 19.999998 -2.499999 0.449747 0.9214 -1
0 -5 19.999998 0 0.964433 0.815551 -1
0 -4.330127 19.999998 2.499999 0.988144 0.8156 -1
0 -6.495189 39.999996 3.75 1 0.891315 -1
0 -7.499998 39.999996 0 0.964433 0.891241 -1
0 -0.644171 39.999996 1.115736 0.613427 0.084898 -1
0 -1.115735 39.999996 0.644171 0.619203 0.081563 -1
0 -6.495189 39.999996 3.75 0.663131 0.125491 -1
0 -3.749998 39.999996 6.49519 0.629506 0.144904 -1
0 5 19.999998 0 0.638658 0.673003 -1
0 7.499998 39.999996 0 0.722201 0.666532 -1
0 6.495189 39.999996 3.75 0.722201 0.705359 -1
0 4.330127 19.999998 2.499999 0.638658 0.698888 -1
0 0 39.999996 1.288341 0.606758 0.084898 -1
0 0 39.999996 7.499998 0.590679 0.144904 -1
0 4.330127 19.999998 -2.499999 0.637651 0.617704 -1
0 2.5 19.999998 -4.330126 0.641635 0.599024 -1
0 3.749998 39.999996 -6.49519 0.725192 0.604887 -1
0 6.495189 39.999996 -3.75 0.719216 0.632907 -1
0 1.115735 39.999996 0.644171 0.597647 0.075787 -1
0 6.495189 39.999996 3.75 0.53764 0.091865 -1
0 7.499998 39.999996 0 0.53764 0.053039 -1
0 1.28834 39.999996 0 0.597647 0.069117 -1
0 5 19.999998 0 0.638658 0.673003 -1
0 4.330127 19.999998 -2.499999 0.634586 0.650587 -1
0 6.495189 39.999996 -3.75 0.716093 0.632907 -1
0 7.499998 39.999996 0 0.722201 0.666532 -1
0 -1.28834 39.999996 0 0.622538 0.075787 -1
0 -7.499998 39.999996 0 0.682544 0.091865 -1
0 3.749998 39.999996 6.49519 0.557054 0.125491 -1
0 0.644171 39.999996 1.115736 0.600981 0.081563 -1
0 0 39.999996 -1.288341 0.613427 0.060006 -1
0 0 39.999996 -7.499998 0.629506 0 -1
0 -3.749998 39.999996 -6.49519 0.663131 0.019413 -1
0 -0.644171 39.999996 -1.115736 0.619203 0.063341 -1
0 2.5 19.999998 -4.330126 0.641635 0.599024 -1
0 0 19.999998 -4.999999 0.641635 0.573942 -1
0 0 39.999996 -7.499998 0.725192 0.567264 -1
0 3.749998 39.999996 -6.49519 0.725192 0.604887 -1
0 0.644171 39.999996 -1.115736 0.606758 0.060006 -1
0 3.749998 39.999996 -6.49519 0.590679 0 -1
0 1.115735 39.999996 -0.644171 0.600981 0.063341 -1
0 6.495189 39.999996 -3.75 0.557054 0.019413 -1
0 4.330127 19.999998 2.499999 0.638658 0.698888 -1
0 6.495189 39.999996 3.75 0.722201 0.705359 -1
0 3.749998 39.999996 6.49519 0.716093 0.738984 -1
0 2.5 19.999998 4.330126 0.634586 0.721305 -1
0 2.5 19.999998 4.330126 0.675155 0.144904 -1
0 3.749998 39.999996 6.49519 0.675155 0.211842 -1
0 0 39.999996 7.499998 0.637651 0.215222 -1
0 0 19.999998 4.999999 0.650152 0.147157 -1
0 -5 19.999998 0 0.964433 0.815551 -1
0 -7.499998 39.999996 0 0.964433 0.891241 -1
0 -6.495189 39.999996 -3.75 0.928867 0.891315 -1
0 -4.330127 19.999998 -2.499999 0.940722 0.8156 -1
0 -6.495189 39.999996 -3.75 0.682544 0.053039 -1
0 -1.115735 39.999996 -0.644171 0.622538 0.069117 -1
0 -2.5 19.999998 -4.330126 0.637651 0.549178 -1
0 -3.749998 39.999996 -6.49519 0.719217 0.530118 -1
0 0 39.999996 -7.499998 0.725192 0.567264 -1
0 0 19.999998 -4.999999 0.641635 0.573942 -1
0 -2.5 19.999998 4.330126 0.777023 0.900865 -1
0 0 19.999998 4.999999 0.776988 0.877154 -1
0 0 39.999996 7.499998 0.852732 0.877154 -1
0 -3.749998 39.999996 6.49519 0.852785 0.912721 -1
0 -4.330127 19.999998 2.499999 0.777118 0.918223 -1
0 -2.5 19.999998 4.330126 0.777023 0.900865 -1
0 -3.749998 39.999996 6.49519 0.852785 0.912721 -1
0 -6.495189 39.999996 3.75 0.852927 0.938757 -1
0 0 -15.000001 -10 0.637651 0.344925 -1
0 5 -15.000001 -8.660254 0.587646 0.331526 -1
0 8.660254 -15.000001 -5 0.551039 0.29492 -1
0 9.999999 -15.000001 0 0.53764 0.244915 -1
0 0 -15.000001 0 0.637651 0.244915 -1
0 0 -15.000001 -10 0.024548 0.974229 -1
0 0 -15.000001 0 0.091613 0.907164 -1
0 -9.999999 -15.000001 0 0.158678 0.974229 -1
0 -8.660254 -15.000001 -5 0.11616 0.998776 -1
0 -5 -15.000001 -8.660254 0.067065 0.998776 -1
0 -8.660254 -15.000001 5 0.316651 0.850266 -1
0 -4.330127 19.999998 2.499999 0.449747 0.873977 -1
0 -5 19.999998 0 0.449697 0.897688 -1
0 -9.999999 -15.000001 0 0.316553 0.897688 -1
0 5 -15.000001 8.660254 0.587646 0.158303 -1
0 0 -15.000001 10 0.637651 0.144904 -1
0 8.660254 -15.000001 5 0.551039 0.194909 -1
0 -5 -15.000001 -8.660254 0.316919 0.979826 -1
0 -8.660254 -15.000001 -5 0.316651 0.945111 -1
0 -4.330127 19.999998 -2.499999 0.449747 0.9214 -1
0 -2.5 19.999998 -4.330126 0.449881 0.938757 -1
0 -5 -15.000001 8.660254 0.183225 0.882616 -1
0 -8.660254 -15.000001 5 0.183225 0.931711 -1
0 0 -15.000001 10 0.158678 0.840098 -1
0 -0.644176 43.018223 -1.115736 0.812053 0.94323 -1
0 -0.644178 43.999996 -1.115736 0.815778 0.94323 -1
0 0 43.999996 -1.288341 0.815769 0.949339 -1
0 0 43.018223 -1.288341 0.812044 0.949339 -1
0 0.644171 39.999996 -1.115736 0.644221 0.277672 -1
0 0 39.999996 -1.288341 0.637651 0.277672 -1
0 0 42.028927 -1.288341 0.637651 0.269555 -1
0 0.644174 42.028927 -1.115736 0.644221 0.269555 -1
0 1.115735 39.999996 -0.644171 0.650485 0.277672 -1
0 0.644171 39.999996 -1.115736 0.644221 0.277672 -1
0 0.644174 42.028927 -1.115736 0.644221 0.269555 -1
0 0.644176 43.018223 -1.115736 0.644221 0.265597 -1
0 0.644178 43.999996 -1.115736 0.644221 0.26167 -1
0 1.115743 43.999996 -0.644171 0.650485 0.26167 -1
0 1.115735 39.999996 0.644171 0.637651 0.252559 -1
0 1.115743 43.999996 0.644171 0.653652 0.252559 -1
0 0.644178 43.999996 1.115736 0.653652 0.258335 -1
0 0.644176 43.018223 1.115736 0.649725 0.258335 -1
0 0.644174 42.028927 1.115736 0.645767 0.258335 -1
0 0.644171 39.999996 1.115736 0.637651 0.258335 -1
0 1.28834 39.999996 0 0.637651 0.24589 -1
0 1.115735 39.999996 -0.644171 0.637651 0.240114 -1
0 1.115743 43.999996 -0.644171 0.653652 0.240113 -1
0 1.288347 43.999996 0 0.653652 0.24589 -1
0 1.28834 39.999996 0 0.637651 0.24589 -1
0 1.288347 43.999996 0 0.653652 0.24589 -1
0 1.115743 43.999996 0.644171 0.653652 0.252559 -1
0 1.115735 39.999996 0.644171 0.637651 0.252559 -1
0 0.644171 39.999996 1.115736 0.637651 0.258335 -1
0 0.644174 42.028927 1.115736 0.645767 0.258335 -1
0 0 42.028927 1.288341 0.645767 0.26167 -1
0 0 39.999996 1.288341 0.637651 0.26167 -1
0 0.644176 43.018223 -1.115736 0.644221 0.265597 -1
0 0 43.018223 -1.288341 0.637651 0.265597 -1
0 0 43.999996 -1.288341 0.637651 0.26167 -1
0 0.644178 43.999996 -1.115736 0.644221 0.26167 -1
0 -1.28834 39.999996 0 0.83712 0.938757 -1
0 -1.288347 43.999996 0 0.83712 0.953932 -1
0 -1.115743 43.999996 -0.644171 0.831011 0.953945 -1
0 -1.115735 39.999996 -0.644171 0.831011 0.93877 -1
0 -0.644171 39.999996 -1.115736 0.800603 0.94323 -1
0 -0.644174 42.028927 -1.115736 0.8083 0.94323 -1
0 0 42.028927 -1.288341 0.808291 0.949339 -1
0 0 39.999996 -1.288341 0.800594 0.949339 -1
0 -1.115735 39.999996 -0.644171 0.800627 0.938757 -1
0 -1.115743 43.999996 -0.644171 0.815802 0.938757 -1
0 -0.644178 43.999996 -1.115736 0.815778 0.94323 -1
0 -0.644176 43.018223 -1.115736 0.812053 0.94323 -1
0 -0.644174 42.028927 -1.115736 0.8083 0.94323 -1
0 -0.644171 39.999996 -1.115736 0.800603 0.94323 -1
0 -1.115735 39.999996 0.644171 0.815836 0.959922 -1
0 -0.644171 39.999996 1.115736 0.815811 0.955449 -1
0 -0.644174 42.028927 1.115736 0.823508 0.955449 -1
0 -0.644176 43.018223 1.115736 0.827261 0.955449 -1
0 -0.644178 43.999996 1.115736 0.830986 0.955449 -1
0 -1.115743 43.999996 0.644171 0.831011 0.959922 -1
0 -0.644171 39.999996 1.115736 0.815811 0.955449 -1
0 0 39.999996 1.288341 0.815802 0.949339 -1
0 0 42.028927 1.288341 0.823499 0.949339 -1
0 -0.644174 42.028927 1.115736 0.823508 0.955449 -1
0 -1.28834 39.999996 0 0.83712 0.938757 -1
0 -1.115735 39.999996 0.644171 0.84323 0.93877 -1
0 -1.115743 43.999996 0.644171 0.84323 0.953945 -1
0 -1.288347 43.999996 0 0.83712 0.953932 -1
0 0.644176 43.018223 1.115736 0.649725 0.258335 -1
0 0.644178 43.999996 1.115736 0.653652 0.258335 -1
0 0 43.999996 1.288341 0.653652 0.26167 -1
0 0 43.018223 1.288341 0.649725 0.26167 -1
0 -0.644176 43.018223 1.115736 0.827261 0.955449 -1
0 0 43.018223 1.288341 0.827252 0.949339 -1
0 0 43.999996 1.288341 0.830977 0.949339 -1
0 -0.644178 43.999996 1.115736 0.830986 0.955449 -1
0 0.644178 43.999996 1.115736 0.659207 0.236779 -1
0 1.115743 43.999996 0.644171 0.653431 0.240113 -1
0 1.288347 43.999996 0 0.646762 0.240113 -1
0 0 43.999996 0 0.650097 0.227668 -1
0 0 43.999996 1.288341 0.662542 0.231002 -1
0 0.644178 43.999996 -1.115736 0.637651 0.231003 -1
0 0 43.999996 -1.288341 0.637651 0.224333 -1
0 1.115743 43.999996 -0.644171 0.640986 0.236779 -1
0 -0.644178 43.999996 1.115736 0.662542 0.224333 -1
0 -1.288347 43.999996 0 0.653431 0.215222 -1
0 -1.115743 43.999996 0.644171 0.659207 0.218557 -1
0 -0.644178 43.999996 -1.115736 0.640986 0.218557 -1
0 -1.115743 43.999996 -0.644171 0.646762 0.215222 -1
49
0 0 1
0 1 0
0 0 -1
0 -1 0
-1 0 0
-0.0001 0 1
0.0001 0 -1
1 0 0
0.0001 0 1
-0.0001 0 -1
0.2564 0.1367 -0.9569
0.7005 0.1367 -0.7005
0.9569 0.1367 -0.2564
0.2564 0.1367 0.9569
0.7005 0.1367 0.7005
0.9569 0.1367 0.2564
-0.7005 0.1367 0.7005
-0.702 -0.1199 -0.702
-0.2564 0.1367 -0.9569
-0.2564 0.1367 0.9569
-0.9569 0.1367 -0.2564
-0.959 -0.1199 0.257
0 1 0
0.959 -0.1199 0.257
0.702 -0.1199 -0.702
0.959 -0.1199 -0.257
0.257 -0.1199 -0.959
0.702 -0.1199 0.702
0.257 -0.1199 0.959
-0.959 -0.1199 -0.257
-0.257 -0.1199 -0.959
-0.257 -0.1199 0.959
-0.702 -0.1199 0.702
0 -1 0
-0.9569 0.1367 0.2564
-0.7005 0.1367 -0.7005
-0.2588 0 -0.9659
0.2588 0 -0.9659
0.7071 0 -0.7071
0.7071 0 0.7071
0.9659 0 -0.2588
0.9659 0 0.2588
0.2588 0 0.9659
-0.9659 0 -0.2588
-0.7071 0 -0.7071
-0.7071 0 0.7071
-0.2588 0 0.9659
-0.9659 0 0.2588
0 1 0
110
0 0 1 2 0 0 0 1
0 0 2 3 0 0 0 1
0 4 5 6 0 0 0 1
0 4 6 7 0 0 0 1
0 8 9 10 1 1 1 1
0 8 10 11 1 1 1 1
0 12 13 14 2 2 2 1
0 12 14 15 2 2 2 1
0 16 17 18 1 1 1 1
0 16 18 19 1 1 1 1
0 20 21 22 1 1 1 1
0 20 22 23 1 1 1 1
0 24 3 2 0 0 0 1
0 24 2 25 0 0 0 1
0 26 27 28 0 0 0 1
0 26 28 29 0 0 0 1
0 7 6 30 0 0 0 1
0 7 30 31 0 0 0 1
0 32 33 34 0 0 0 1
0 32 34 35 0 0 0 1
0 36 37 38 1 1 1 1
0 36 38 39 1 1 1 1
0 40 41 5 0 0 0 1
0 40 5 4 0 0 0 1
0 42 15 14 2 2 2 1
0 42 14 43 2 2 2 1
0 27 44 45 0 0 0 1
0 27 45 28 0 0 0 1
0 46 47 48 3 3 3 1
0 46 48 49 3 3 3 1
0 50 51 19 1 1 1 1
0 50 19 52 1 1 1 1
0 53 54 55 4 4 4 1
0 53 55 56 4 4 4 1
0 57 46 58 3 3 3 1
0 57 58 59 3 3 3 1
0 60 61 62 4 4 4 1
0 60 62 63 4 4 4 1
0 64 65 66 5 5 5 1
0 64 66 67 5 5 5 1
0 68 69 70 6 6 6 1
0 68 70 71 6 6 6 1
0 72 73 74 3 3 3 1
0 72 74 75 3 3 3 1
0 51 76 16 1 1 1 1
0 51 16 19 1 1 1 1
0 50 77 37 1 1 1 1
0 50 37 51 1 1 1 1
0 78 79 45 0 0 0 1
0 78 45 44 0 0 0 1
0 80 32 35 0 0 0 1
0 80 35 81 0 0 0 1
0 33 31 30 0 0 0 1
0 33 30 34 0 0 0 1
0 82 83 84 7 7 7 1
0 82 84 85 7 7 7 1
0 86 87 88 8 8 8 1
0 86 88 89 8 8 8 1
0 90 91 92 3 3 3 1
0 90 92 93 3 3 3 1
0 46 49 94 3 3 3 1
0 46 94 58 3 3 3 1
0 95 96 97 9 9 9 1
0 95 97 98 9 9 9 1
0 99 100 101 3 3 3 1
0 99 101 102 3 3 3 1
0 103 104 105 7 7 7 1
0 103 105 106 7 7 7 1
0 51 37 36 1 1 1 1
0 51 36 76 1 1 1 1
0 107 108 109 3 3 3 1
0 107 109 110 3 3 3 1
0 111 112 79 0 0 0 1
0 111 79 78 0 0 0 1
0 113 58 94 3 3 3 1
0 113 94 114 3 3 3 1
0 115 116 11 1 1 1 1
0 115 11 117 1 1 1 1
0 40 26 29 0 0 0 1
0 40 29 41 0 0 0 1
0 107 74 118 3 3 3 1
0 107 118 108 3 3 3 1
0 119 75 74 3 3 3 1
0 119 74 107 3 3 3 1
0 116 21 20 1 1 1 1
0 116 20 120 1 1 1 1
0 115 121 21 1 1 1 1
0 115 21 116 1 1 1 1
0 73 122 123 3 3 3 1
0 73 123 124 3 3 3 1
0 125 126 127 5 5 5 1
0 125 127 128 5 5 5 1
0 116 120 8 1 1 1 1
0 116 8 11 1 1 1 1
0 129 130 131 9 9 9 1
0 129 131 132 9 9 9 1
0 133 134 135 8 8 8 1
0 133 135 136 8 8 8 1
0 73 124 118 3 3 3 1
0 73 118 74 3 3 3 1
0 137 138 139 4 4 4 1
0 137 139 140 4 4 4 1
0 141 142 143 7 7 7 1
0 141 143 144 7 7 7 1
0 145 146 147 7 7 7 1
0 145 147 148 7 7 7 1
0 149 150 151 6 6 6 1
0 149 151 152 6 6 6 1
0 153 154 155 4 4 4 1
0 153 155 156 4 4 4 1
"Beam_Cylinder.004" 0 2
378
0 0.644176 42.028927 27.98913 0.947393 0.401666 -1
0 0.644178 43.018223 27.98913 0.951146 0.401666 -1
0 0 43.018223 27.98913 0.951146 0.407775 -1
0 0 42.028927 27.98913 0.947393 0.407775 -1
0 -4.330127 19.999998 -2.499999 0.23591 0.815551 -1
0 -4.330127 19.999998 -2.499999 0.23591 0.815551 -1
0 -2.5 19.999998 -4.330126 0.23591 0.815551 -1
0 -2.5 19.999998 -4.330126 0.23591 0.815551 -1
0 0.644178 43.018223 27.98913 0.268878 0.493557 -1
0 49.994759 43.018223 27.99493 0.26882 0 -1
0 49.994759 43.018223 24.996799 0.298805 0 -1
0 0.644178 43.018223 24.990999 0.298862 0.493557 -1
0 -0.644176 42.028927 -27.98913 0.947393 0.401666 -1
0 -0.644178 43.018223 -27.98913 0.951146 0.401666 -1
0 0 43.018223 -27.98913 0.951146 0.407775 -1
0 0 42.028927 -27.98913 0.947393 0.407775 -1
0 -0.644178 43.018223 -27.98913 0.000058 0.493557 -1
0 -49.994759 43.018223 -27.99493 0 0 -1
0 -49.994759 43.018223 -24.996799 0.029984 0 -1
0 -0.644178 43.018223 -24.990999 0.030042 0.493557 -1
0 -0.644178 43.018223 27.98913 0.268878 0.506443 -1
0 -0.644178 43.018223 24.990999 0.298862 0.506443 -1
0 -49.994759 43.018223 24.996799 0.298805 1 -1
0 -49.994759 43.018223 27.99493 0.26882 1 -1
0 -0.644176 42.028927 27.98913 0.947393 0.401666 -1
0 -0.644178 43.018223 27.98913 0.951146 0.401666 -1
0 -4.330127 19.999998 2.499999 0.23591 0.815551 -1
0 -2.5 19.999998 4.330126 0.23591 0.815551 -1
0 -2.5 19.999998 4.330126 0.23591 0.815551 -1
0 -4.330127 19.999998 2.499999 0.23591 0.815551 -1
0 0 19.999998 -4.999999 0.23591 0.815551 -1
0 0 19.999998 -4.999999 0.23591 0.815551 -1
0 4.330127 19.999998 -2.499999 0.23591 0.815551 -1
0 2.5 19.999998 -4.330126 0.23591 0.815551 -1
0 2.5 19.999998 -4.330126 0.23591 0.815551 -1
0 4.330127 19.999998 -2.499999 0.23591 0.815551 -1
0 0.644178 43.018223 -27.98913 0.000058 0.506443 -1
0 0.644178 43.018223 -24.990999 0.030042 0.506443 -1
0 49.994759 43.018223 -24.996799 0.029984 1 -1
0 49.994759 43.018223 -27.99493 0 1 -1
0 -5 19.999998 0 0.23591 0.815551 -1
0 -5 19.999998 0 0.23591 0.815551 -1
0 0.644176 42.028927 -27.98913 0.947393 0.401666 -1
0 0.644178 43.018223 -27.98913 0.951146 0.401666 -1
0 0 19.999998 4.999999 0.23591 0.815551 -1
0 0 19.999998 4.999999 0.23591 0.815551 -1
0 -0.644176 42.028927 -24.990999 0.481287 0.413885 -1
0 -49.994755 42.028927 -24.996799 0.481287 0.815551 -1
0 -49.994755 42.028927 -27.99493 0.47182 0.815551 -1
0 -0.644176 42.028927 -27.98913 0.47182 0.413885 -1
0 0 43.018223 -1.288341 0.267094 0.5 -1
0 0 43.018223 -24.990999 0.030042 0.5 -1
0 -0.644176 43.018223 -1.115736 0.26882 0.493557 -1
0 -0.644176 43.018223 -1.115736 0.66724 0.454 -1
0 -0.644178 43.018223 -24.990999 0.66724 0.215222 -1
0 -0.644176 42.028927 -24.990999 0.671197 0.215222 -1
0 -0.644174 42.028927 -1.115736 0.671197 0.454 -1
0 -0.644174 42.028927 -1.115736 0.70773 0.413885 -1
0 0 42.028927 -24.990999 0.481287 0.407775 -1
0 0 42.028927 -1.288341 0.706093 0.407775 -1
0 -0.644176 43.018223 1.115736 0.962406 0.226443 -1
0 -0.644174 42.028927 1.115736 0.966159 0.226443 -1
0 -0.644176 42.028927 24.990999 0.966159 0 -1
0 -0.644178 43.018223 24.990999 0.962406 0 -1
0 -0.644178 43.018223 -24.990999 0.724402 0 -1
0 -49.994759 43.018223 -24.996799 0.724402 0.493558 -1
0 -49.994755 42.028927 -24.996799 0.720444 0.493558 -1
0 -0.644176 42.028927 -24.990999 0.720444 0 -1
0 -0.644176 42.028927 -27.98913 0.947393 0.401666 -1
0 -49.994755 42.028927 -27.99493 0.947393 0 -1
0 -49.994759 43.018223 -27.99493 0.951147 0 -1
0 -0.644178 43.018223 -27.98913 0.951146 0.401666 -1
0 0.644174 42.028927 1.115736 0.70773 0.413885 -1
0 0.644176 42.028927 24.990999 0.481287 0.413885 -1
0 0 42.028927 24.990999 0.481287 0.407775 -1
0 0 42.028927 1.288341 0.706093 0.407775 -1
0 0 43.018223 -27.98913 0.000058 0.5 -1
0 0.644176 43.018223 -1.115736 0.26882 0.506443 -1
0 2.5 19.999998 4.330126 0.23591 0.815551 -1
0 2.5 19.999998 4.330126 0.23591 0.815551 -1
0 5 19.999998 0 0.23591 0.815551 -1
0 5 19.999998 0 0.23591 0.815551 -1
0 0.644176 43.018223 -1.115736 0.671197 0.215222 -1
0 0.644174 42.028927 -1.115736 0.675155 0.215222 -1
0 0.644176 42.028927 -24.990999 0.675155 0.454 -1
0 0.644178 43.018223 -24.990999 0.671197 0.454 -1
0 0.644178 43.018223 -24.990999 0.720444 0.493557 -1
0 0.644176 42.028927 -24.990999 0.716486 0.493557 -1
0 49.994755 42.028927 -24.996799 0.716486 0 -1
0 49.994759 43.018223 -24.996799 0.720444 0 -1
0 0.644176 42.028927 -24.990999 0.712529 0.493561 -1
0 0.644176 42.028927 -27.98913 0.682544 0.493557 -1
0 49.994755 42.028927 -27.99493 0.682544 0 -1
0 49.994755 42.028927 -24.996799 0.712529 0.000003 -1
0 0 42.028927 -27.98913 0.47182 0.407775 -1
0 0.644176 42.028927 -27.98913 0.728359 0 -1
0 0.644178 43.018223 -27.98913 0.732317 0 -1
0 49.994759 43.018223 -27.99493 0.732317 0.493558 -1
0 49.994755 42.028927 -27.99493 0.728359 0.493558 -1
0 0.644174 42.028927 -1.115736 0.681597 0.383682 -1
0 0 42.028927 -1.288341 0.675155 0.381956 -1
0 0 42.028927 -24.990999 0.675155 0.144904 -1
0 0.644176 42.028927 -24.990999 0.681597 0.144904 -1
0 0.644176 43.018223 1.115736 0.728359 0.732335 -1
0 0.644178 43.018223 24.990999 0.728359 0.493557 -1
0 0.644176 42.028927 24.990999 0.732317 0.493557 -1
0 0.644174 42.028927 1.115736 0.732317 0.732335 -1
0 -0.644176 42.028927 24.990999 0.481287 0.413885 -1
0 -0.644176 42.028927 27.98913 0.47182 0.413885 -1
0 -49.994755 42.028927 27.99493 0.47182 0.815551 -1
0 -49.994755 42.028927 24.996799 0.481287 0.815551 -1
0 4.330127 19.999998 2.499999 0.23591 0.815551 -1
0 4.330127 19.999998 2.499999 0.23591 0.815551 -1
0 0.644176 42.028927 -24.990999 0.481287 0.413885 -1
0 0.644176 42.028927 -27.98913 0.47182 0.413885 -1
0 0 43.018223 1.288341 0.535914 0.5 -1
0 0 43.018223 24.990999 0.298862 0.5 -1
0 0.644176 43.018223 1.115736 0.53764 0.493557 -1
0 0 42.028927 27.98913 0.47182 0.407775 -1
0 -0.644174 42.028927 1.115736 0.70773 0.413885 -1
0 0 43.018223 27.98913 0.268878 0.5 -1
0 -0.644176 43.018223 1.115736 0.53764 0.506443 -1
0 49.994755 42.028927 24.996799 0.481287 0.815551 -1
0 49.994755 42.028927 27.99493 0.47182 0.815551 -1
0 0.644176 42.028927 27.98913 0.47182 0.413885 -1
0 0.644176 42.028927 27.98913 0.947393 0.401666 -1
0 49.994755 42.028927 27.99493 0.947393 0 -1
0 49.994759 43.018223 27.99493 0.951147 0 -1
0 0.644178 43.018223 27.98913 0.951146 0.401666 -1
0 -0.644178 43.018223 24.990999 0.728359 0.493557 -1
0 -0.644176 42.028927 24.990999 0.724402 0.493557 -1
0 -49.994755 42.028927 24.996799 0.724402 0 -1
0 -49.994759 43.018223 24.996799 0.728359 0 -1
0 -0.644176 42.028927 27.98913 0.947393 0.401666 -1
0 -0.644178 43.018223 27.98913 0.951146 0.401666 -1
0 -49.994759 43.018223 27.99493 0.951147 0 -1
0 -49.994755 42.028927 27.99493 0.947393 0 -1
0 -49.994759 43.018223 -24.996799 0.855449 0.948224 -1
0 -49.994759 43.018223 -27.99493 0.855449 0.938757 -1
0 -49.994755 42.028927 -27.99493 0.859202 0.938757 -1
0 -49.994755 42.028927 -24.996799 0.859202 0.948224 -1
0 49.994759 43.018223 -24.996799 0.637651 0.307656 -1
0 49.994755 42.028927 -24.996799 0.641608 0.307656 -1
0 49.994755 42.028927 -27.99493 0.641608 0.337641 -1
0 49.994759 43.018223 -27.99493 0.637651 0.337641 -1
0 49.994759 43.018223 24.996799 0.637651 0.307656 -1
0 49.994759 43.018223 27.99493 0.637651 0.277672 -1
0 49.994755 42.028927 27.99493 0.641608 0.277672 -1
0 49.994755 42.028927 24.996799 0.641608 0.307656 -1
0 0.644178 43.018223 24.990999 0.716486 0 -1
0 49.994759 43.018223 24.996799 0.716486 0.493558 -1
0 49.994755 42.028927 24.996799 0.712529 0.493558 -1
0 0.644176 42.028927 24.990999 0.712529 0 -1
0 -49.994759 43.018223 24.996799 0.855449 0.948224 -1
0 -49.994755 42.028927 24.996799 0.859202 0.948224 -1
0 -49.994755 42.028927 27.99493 0.859202 0.938757 -1
0 -49.994759 43.018223 27.99493 0.855449 0.938757 -1
0 0 -15.000001 -10 0.655989 0.43245 -1
0 0 19.999998 -4.999999 0.53764 0.441908 -1
0 2.5 19.999998 -4.330126 0.53764 0.416826 -1
0 5 -15.000001 -8.660254 0.655989 0.382285 -1
0 5 -15.000001 -8.660254 0.655989 0.382285 -1
0 2.5 19.999998 -4.330126 0.53764 0.416826 -1
0 4.330127 19.999998 -2.499999 0.541624 0.398146 -1
0 8.660254 -15.000001 -5 0.663956 0.344925 -1
0 8.660254 -15.000001 -5 0.53764 0.75346 -1
0 4.330127 19.999998 -2.499999 0.583104 0.635082 -1
0 5 19.999998 0 0.605784 0.632907 -1
0 9.999999 -15.000001 0 0.582999 0.749111 -1
0 0 -15.000001 10 0.53764 0.486484 -1
0 5 -15.000001 8.660254 0.587645 0.481977 -1
0 2.5 19.999998 4.330126 0.587645 0.630654 -1
0 0 19.999998 4.999999 0.562643 0.632907 -1
0 5 -15.000001 8.660254 0.587645 0.481977 -1
0 8.660254 -15.000001 5 0.637651 0.486484 -1
0 4.330127 19.999998 2.499999 0.612648 0.632907 -1
0 2.5 19.999998 4.330126 0.587645 0.630654 -1
0 8.660254 -15.000001 5 0.634586 0.75346 -1
0 9.999999 -15.000001 0 0.582999 0.749111 -1
0 5 19.999998 0 0.605784 0.632907 -1
0 4.330127 19.999998 2.499999 0.631577 0.635082 -1
0 -5 -15.000001 8.660254 0.316919 0.815551 -1
0 -2.5 19.999998 4.330126 0.449881 0.85662 -1
0 -4.330127 19.999998 2.499999 0.449747 0.873977 -1
0 -8.660254 -15.000001 5 0.316651 0.850266 -1
0 -4.330127 19.999998 -2.499999 0.853057 0.836085 -1
0 -6.495189 39.999996 -3.75 0.928867 0.815551 -1
0 -3.749998 39.999996 -6.49519 0.928724 0.841587 -1
0 -2.5 19.999998 -4.330126 0.852962 0.853443 -1
0 0 -15.000001 -10 0.655989 0.43245 -1
0 -5 -15.000001 -8.660254 0.663956 0.481977 -1
0 -2.5 19.999998 -4.330126 0.541624 0.466672 -1
0 0 19.999998 -4.999999 0.53764 0.441908 -1
0 0 -15.000001 10 0.729566 0.815551 -1
0 0 19.999998 4.999999 0.729566 0.948591 -1
0 -2.5 19.999998 4.330126 0.705855 0.948626 -1
0 -5 -15.000001 8.660254 0.682144 0.815621 -1
0 -8.660254 -15.000001 -5 0.316651 0.945111 -1
0 -9.999999 -15.000001 0 0.316553 0.897688 -1
0 -5 19.999998 0 0.449697 0.897688 -1
0 -4.330127 19.999998 -2.499999 0.449747 0.9214 -1
0 -5 19.999998 0 0.964433 0.815551 -1
0 -4.330127 19.999998 2.499999 0.988144 0.8156 -1
0 -6.495189 39.999996 3.75 1 0.891315 -1
0 -7.499998 39.999996 0 0.964433 0.891241 -1
0 -0.644171 39.999996 1.115736 0.613427 0.084898 -1
0 -1.115735 39.999996 0.644171 0.619203 0.081563 -1
0 -6.495189 39.999996 3.75 0.663131 0.125491 -1
0 -3.749998 39.999996 6.49519 0.629506 0.144904 -1
0 5 19.999998 0 0.638658 0.673003 -1
0 7.499998 39.999996 0 0.722201 0.666532 -1
0 6.495189 39.999996 3.75 0.722201 0.705359 -1
0 4.330127 19.999998 2.499999 0.638658 0.698888 -1
0 0 39.999996 1.288341 0.606758 0.084898 -1
0 0 39.999996 7.499998 0.590679 0.144904 -1
0 4.330127 19.999998 -2.499999 0.637651 0.617704 -1
0 2.5 19.999998 -4.330126 0.641635 0.599024 -1
0 3.749998 39.999996 -6.49519 0.725192 0.604887 -1
0 6.495189 39.999996 -3.75 0.719216 0.632907 -1
0 1.115735 39.999996 0.644171 0.597647 0.075787 -1
0 6.495189 39.999996 3.75 0.53764 0.091865 -1
0 7.499998 39.999996 0 0.53764 0.053039 -1
0 1.28834 39.999996 0 0.597647 0.069117 -1
0 5 19.999998 0 0.638658 0.673003 -1
0 4.330127 19.999998 -2.499999 0.634586 0.650587 -1
0 6.495189 39.999996 -3.75 0.716093 0.632907 -1
0 7.499998 39.999996 0 0.722201 0.666532 -1
0 -1.28834 39.999996 0 0.622538 0.075787 -1
0 -7.499998 39.999996 0 0.682544 0.091865 -1
0 3.749998 39.999996 6.49519 0.557054 0.125491 -1
0 0.644171 39.999996 1.115736 0.600981 0.081563 -1
0 0 39.999996 -1.288341 0.613427 0.060006 -1
0 0 39.999996 -7.499998 0.629506 0 -1
0 -3.749998 39.999996 -6.49519 0.663131 0.019413 -1
0 -0.644171 39.999996 -1.115736 0.619203 0.063341 -1
0 2.5 19.999998 -4.330126 0.641635 0.599024 -1
0 0 19.999998 -4.999999 0.641635 0.573942 -1
0 0 39.999996 -7.499998 0.725192 0.567264 -1
0 3.749998 39.999996 -6.49519 0.725192 0.604887 -1
0 0.644171 39.999996 -1.115736 0.606758 0.060006 -1
0 3.749998 39.999996 -6.49519 0.590679 0 -1
0 1.115735 39.999996 -0.644171 0.600981 0.063341 -1
0 6.495189 39.999996 -3.75 0.557054 0.019413 -1
0 4.330127 19.999998 2.499999 0.638658 0.698888 -1
0 6.495189 39.999996 3.75 0.722201 0.705359 -1
0 3.749998 39.999996 6.49519 0.716093 0.738984 -1
0 2.5 19.999998 4.330126 0.634586 0.721305 -1
0 2.5 19.999998 4.330126 0.675155 0.144904 -1
0 3.749998 39.999996 6.49519 0.675155 0.211842 -1
0 0 39.999996 7.499998 0.637651 0.215222 -1
0 0 19.999998 4.999999 0.650152 0.147157 -1
0 -5 19.999998 0 0.964433 0.815551 -1
0 -7.499998 39.999996 0 0.964433 0.891241 -1
0 -6.495189 39.999996 -3.75 0.928867 0.891315 -1
0 -4.330127 19.999998 -2.499999 0.940722 0.8156 -1
0 -6.495189 39.999996 -3.75 0.682544 0.053039 -1
0 -1.115735 39.999996 -0.644171 0.622538 0.069117 -1
0 -2.5 19.999998 -4.330126 0.637651 0.549178 -1
0 -3.749998 39.999996 -6.49519 0.719217 0.530118 -1
0 0 39.999996 -7.499998 0.725192 0.567264 -1
0 0 19.999998 -4.999999 0.641635 0.573942 -1
0 -2.5 19.999998 4.330126 0.777023 0.900865 -1
0 0 19.999998 4.999999 0.776988 0.877154 -1
0 0 39.999996 7.499998 0.852732 0.877154 -1
0 -3.749998 39.999996 6.49519 0.852785 0.912721 -1
0 -4.330127 19.999998 2.499999 0.777118 0.918223 -1
0 -2.5 19.999998 4.330126 0.777023 0.900865 -1
0 -3.749998 39.999996 6.49519 0.852785 0.912721 -1
0 -6.495189 39.999996 3.75 0.852927 0.938757 -1
0 0 -15.000001 -10 0.637651 0.344925 -1
0 5 -15.000001 -8.660254 0.587646 0.331526 -1
0 8.660254 -15.000001 -5 0.551039 0.29492 -1
0 9.999999 -15.000001 0 0.53764 0.244915 -1
0 0 -15.000001 0 0.637651 0.244915 -1
0 0 -15.000001 -10 0.024548 0.974229 -1
0 0 -15.000001 0 0.091613 0.907164 -1
0 -9.999999 -15.000001 0 0.158678 0.974229 -1
0 -8.660254 -15.000001 -5 0.11616 0.998776 -1
0 -5 -15.000001 -8.660254 0.067065 0.998776 -1
0 -8.660254 -15.000001 5 0.316651 0.850266 -1
0 -4.330127 19.999998 2.499999 0.449747 0.873977 -1
0 -5 19.999998 0 0.449697 0.897688 -1
0 -9.999999 -15.000001 0 0.316553 0.897688 -1
0 5 -15.000001 8.660254 0.587646 0.158303 -1
0 0 -15.000001 10 0.637651 0.144904 -1
0 8.660254 -15.000001 5 0.551039 0.194909 -1
0 -5 -15.000001 -8.660254 0.316919 0.979826 -1
0 -8.660254 -15.000001 -5 0.316651 0.945111 -1
0 -4.330127 19.999998 -2.499999 0.449747 0.9214 -1
0 -2.5 19.999998 -4.330126 0.449881 0.938757 -1
0 -5 -15.000001 8.660254 0.183225 0.882616 -1
0 -8.660254 -15.000001 5 0.183225 0.931711 -1
0 0 -15.000001 10 0.158678 0.840098 -1
0 -0.644176 43.018223 -1.115736 0.812053 0.94323 -1
0 -0.644178 43.999996 -1.115736 0.815778 0.94323 -1
0 0 43.999996 -1.288341 0.815769 0.949339 -1
0 0 43.018223 -1.288341 0.812044 0.949339 -1
0 0.644171 39.999996 -1.115736 0.644221 0.277672 -1
0 0 39.999996 -1.288341 0.637651 0.277672 -1
0 0 42.028927 -1.288341 0.637651 0.269555 -1
0 0.644174 42.028927 -1.115736 0.644221 0.269555 -1
0 1.115735 39.999996 -0.644171 0.650485 0.277672 -1
0 0.644171 39.999996 -1.115736 0.644221 0.277672 -1
0 0.644174 42.028927 -1.115736 0.644221 0.269555 -1
0 0.644176 43.018223 -1.115736 0.644221 0.265597 -1
0 0.644178 43.999996 -1.115736 0.644221 0.26167 -1
0 1.115743 43.999996 -0.644171 0.650485 0.26167 -1
0 1.115735 39.999996 0.644171 0.637651 0.252559 -1
0 1.115743 43.999996 0.644171 0.653652 0.252559 -1
0 0.644178 43.999996 1.115736 0.653652 0.258335 -1
0 0.644176 43.018223 1.115736 0.649725 0.258335 -1
0 0.644174 42.028927 1.115736 0.645767 0.258335 -1
0 0.644171 39.999996 1.115736 0.637651 0.258335 -1
0 1.28834 39.999996 0 0.637651 0.24589 -1
0 1.115735 39.999996 -0.644171 0.637651 0.240114 -1
0 1.115743 43.999996 -0.644171 0.653652 0.240113 -1
0 1.288347 43.999996 0 0.653652 0.24589 -1
0 1.28834 39.999996 0 0.637651 0.24589 -1
0 1.288347 43.999996 0 0.653652 0.24589 -1
0 1.115743 43.999996 0.644171 0.653652 0.252559 -1
0 1.115735 39.999996 0.644171 0.637651 0.252559 -1
0 0.644171 39.999996 1.115736 0.637651 0.258335 -1
0 0.644174 42.028927 1.115736 0.645767 0.258335 -1
0 0 42.028927 1.288341 0.645767 0.26167 -1
0 0 39.999996 1.288341 0.637651 0.26167 -1
0 0.644176 43.018223 -1.115736 0.644221 0.265597 -1
0 0 43.018223 -1.288341 0.637651 0.265597 -1
0 0 43.999996 -1.288341 0.637651 0.26167 -1
0 0.644178 43.999996 -1.115736 0.644221 0.26167 -1
0 -1.28834 39.999996 0 0.83712 0.938757 -1
0 -1.288347 43.999996 0 0.83712 0.953932 -1
0 -1.115743 43.999996 -0.644171 0.831011 0.953945 -1
0 -1.115735 39.999996 -0.644171 0.831011 0.93877 -1
0 -0.644171 39.999996 -1.115736 0.800603 0.94323 -1
0 -0.644174 42.028927 -1.115736 0.8083 0.94323 -1
0 0 42.028927 -1.288341 0.808291 0.949339 -1
0 0 39.999996 -1.288341 0.800594 0.949339 -1
0 -1.115735 39.999996 -0.644171 0.800627 0.938757 -1
0 -1.115743 43.999996 -0.644171 0.815802 0.938757 -1
0 -0.644178 43.999996 -1.115736 0.815778 0.94323 -1
0 -0.644176 43.018223 -1.115736 0.812053 0.94323 -1
0 -0.644174 42.028927 -1.115736 0.8083 0.94323 -1
0 -0.644171 39.999996 -1.115736 0.800603 0.94323 -1
0 -1.115735 39.999996 0.644171 0.815836 0.959922 -1
0 -0.644171 39.999996 1.115736 0.815811 0.955449 -1
0 -0.644174 42.028927 1.115736 0.823508 0.955449 -1
0 -0.644176 43.018223 1.115736 0.827261 0.955449 -1
0 -0.644178 43.999996 1.115736 0.830986 0.955449 -1
0 -1.115743 43.999996 0.644171 0.831011 0.959922 -1
0 -0.644171 39.999996 1.115736 0.815811 0.955449 -1
0 0 39.999996 1.288341 0.815802 0.949339 -1
0 0 42.028927 1.288341 0.823499 0.949339 -1
0 -0.644174 42.028927 1.115736 0.823508 0.955449 -1
0 -1.28834 39.999996 0 0.83712 0.938757 -1
0 -1.115735 39.999996 0.644171 0.84323 0.93877 -1
0 -1.115743 43.999996 0.644171 0.84323 0.953945 -1
0 -1.288347 43.999996 0 0.83712 0.953932 -1
0 0.644176 43.018223 1.115736 0.649725 0.258335 -1
0 0.644178 43.999996 1.115736 0.653652 0.258335 -1
0 0 43.999996 1.288341 0.653652 0.26167 -1
0 0 43.018223 1.288341 0.649725 0.26167 -1
0 -0.644176 43.018223 1.115736 0.827261 0.955449 -1
0 0 43.018223 1.288341 0.827252 0.949339 -1
0 0 43.999996 1.288341 0.830977 0.949339 -1
0 -0.644178 43.999996 1.115736 0.830986 0.955449 -1
0 0.644178 43.999996 1.115736 0.659207 0.236779 -1
0 1.115743 43.999996 0.644171 0.653431 0.240113 -1
0 1.288347 43.999996 0 0.646762 0.240113 -1
0 0 43.999996 0 0.650097 0.227668 -1
0 0 43.999996 1.288341 0.662542 0.231002 -1
0 0.644178 43.999996 -1.115736 0.637651 0.231003 -1
0 0 43.999996 -1.288341 0.637651 0.224333 -1
0 1.115743 43.999996 -0.644171 0.640986 0.236779 -1
0 -0.644178 43.999996 1.115736 0.662542 0.224333 -1
0 -1.288347 43.999996 0 0.653431 0.215222 -1
0 -1.115743 43.999996 0.644171 0.659207 0.218557 -1
0 -0.644178 43.999996 -1.115736 0.640986 0.218557 -1
0 -1.115743 43.999996 -0.644171 0.646762 0.215222 -1
49
0 0 1
0 1 0
0 0 -1
0 -1 0
-1 0 0
-0.0001 0 1
0.0001 0 -1
1 0 0
0.0001 0 1
-0.0001 0 -1
0.2564 0.1367 -0.9569
0.7005 0.1367 -0.7005
0.9569 0.1367 -0.2564
0.2564 0.1367 0.9569
0.7005 0.1367 0.7005
0.9569 0.1367 0.2564
-0.7005 0.1367 0.7005
-0.702 -0.1199 -0.702
-0.2564 0.1367 -0.9569
-0.2564 0.1367 0.9569
-0.9569 0.1367 -0.2564
-0.959 -0.1199 0.257
0 1 0
0.959 -0.1199 0.257
0.702 -0.1199 -0.702
0.959 -0.1199 -0.257
0.257 -0.1199 -0.959
0.702 -0.1199 0.702
0.257 -0.1199 0.959
-0.959 -0.1199 -0.257
-0.257 -0.1199 -0.959
-0.257 -0.1199 0.959
-0.702 -0.1199 0.702
0 -1 0
-0.9569 0.1367 0.2564
-0.7005 0.1367 -0.7005
-0.2588 0 -0.9659
0.2588 0 -0.9659
0.7071 0 -0.7071
0.7071 0 0.7071
0.9659 0 -0.2588
0.9659 0 0.2588
0.2588 0 0.9659
-0.9659 0 -0.2588
-0.7071 0 -0.7071
-0.7071 0 0.7071
-0.2588 0 0.9659
-0.9659 0 0.2588
0 1 0
84
0 157 158 159 10 10 10 1
0 157 159 160 10 10 10 1
0 161 162 163 11 11 11 1
0 161 163 164 11 11 11 1
0 165 166 167 12 12 12 1
0 165 167 168 12 12 12 1
0 169 170 171 13 13 13 1
0 169 171 172 13 13 13 1
0 173 174 175 14 14 14 1
0 173 175 176 14 14 14 1
0 177 178 179 15 15 15 1
0 177 179 180 15 15 15 1
0 181 182 183 16 16 16 1
0 181 183 184 16 16 16 1
0 185 186 187 17 17 17 1
0 185 187 188 17 17 17 1
0 189 190 191 18 18 18 1
0 189 191 192 18 18 18 1
0 193 194 195 19 19 19 1
0 193 195 196 19 19 19 1
0 197 198 199 20 20 20 1
0 197 199 200 20 20 20 1
0 201 202 203 21 21 21 1
0 201 203 204 21 21 21 1
0 205 206 207 22 22 22 1
0 205 207 208 22 22 22 1
0 209 210 211 23 23 23 1
0 209 211 212 23 23 23 1
0 213 205 208 22 22 22 1
0 213 208 214 22 22 22 1
0 215 216 217 24 24 24 1
0 215 217 218 24 24 24 1
0 219 220 221 22 22 22 1
0 219 221 222 22 22 22 1
0 223 224 225 25 25 25 1
0 223 225 226 25 25 25 1
0 206 227 228 22 22 22 1
0 206 228 207 22 22 22 1
0 213 214 229 22 22 22 1
0 213 229 230 22 22 22 1
0 231 232 233 22 22 22 1
0 231 233 234 22 22 22 1
0 235 236 237 26 26 26 1
0 235 237 238 26 26 26 1
0 231 239 240 22 22 22 1
0 231 240 232 22 22 22 1
0 239 241 242 22 22 22 1
0 239 242 240 22 22 22 1
0 241 222 221 22 22 22 1
0 241 221 242 22 22 22 1
0 243 244 245 27 27 27 1
0 243 245 246 27 27 27 1
0 247 248 249 28 28 28 1
0 247 249 250 28 28 28 1
0 230 229 220 22 22 22 1
0 230 220 219 22 22 22 1
0 251 252 253 29 29 29 1
0 251 253 254 29 29 29 1
0 234 233 255 22 22 22 1
0 234 255 256 22 22 22 1
0 257 258 259 30 30 30 1
0 257 259 260 30 30 30 1
0 256 255 228 22 22 22 1
0 256 228 227 22 22 22 1
0 261 262 263 31 31 31 1
0 261 263 264 31 31 31 1
0 265 266 267 32 32 32 1
0 265 267 268 32 32 32 1
0 269 270 271 33 33 33 1
0 269 271 272 33 33 33 1
0 269 272 273 33 33 33 1
0 274 275 276 33 33 33 1
0 274 276 277 33 33 33 1
0 274 277 278 33 33 33 1
0 279 280 281 34 34 34 1
0 279 281 282 34 34 34 1
0 283 284 273 33 33 33 1
0 283 273 272 33 33 33 1
0 283 272 285 33 33 33 1
0 286 287 288 35 35 35 1
0 286 288 289 35 35 35 1
0 290 291 276 33 33 33 1
0 290 276 275 33 33 33 1
0 290 275 292 33 33 33 1
"Connect_Cylinder.002" 0 1
378
0 0.644176 42.028927 27.98913 0.947393 0.401666 -1
0 0.644178 43.018223 27.98913 0.951146 0.401666 -1
0 0 43.018223 27.98913 0.951146 0.407775 -1
0 0 42.028927 27.98913 0.947393 0.407775 -1
0 -4.330127 19.999998 -2.499999 0.23591 0.815551 -1
0 -4.330127 19.999998 -2.499999 0.23591 0.815551 -1
0 -2.5 19.999998 -4.330126 0.23591 0.815551 -1
0 -2.5 19.999998 -4.330126 0.23591 0.815551 -1
0 0.644178 43.018223 27.98913 0.268878 0.493557 -1
0 49.994759 43.018223 27.99493 0.26882 0 -1
0 49.994759 43.018223 24.996799 0.298805 0 -1
0 0.644178 43.018223 24.990999 0.298862 0.493557 -1
0 -0.644176 42.028927 -27.98913 0.947393 0.401666 -1
0 -0.644178 43.018223 -27.98913 0.951146 0.401666 -1
0 0 43.018223 -27.98913 0.951146 0.407775 -1
0 0 42.028927 -27.98913 0.947393 0.407775 -1
0 -0.644178 43.018223 -27.98913 0.000058 0.493557 -1
0 -49.994759 43.018223 -27.99493 0 0 -1
0 -49.994759 43.018223 -24.996799 0.029984 0 -1
0 -0.644178 43.018223 -24.990999 0.030042 0.493557 -1
0 -0.644178 43.018223 27.98913 0.268878 0.506443 -1
0 -0.644178 43.018223 24.990999 0.298862 0.506443 -1
0 -49.994759 43.018223 24.996799 0.298805 1 -1
0 -49.994759 43.018223 27.99493 0.26882 1 -1
0 -0.644176 42.028927 27.98913 0.947393 0.401666 -1
0 -0.644178 43.018223 27.98913 0.951146 0.401666 -1
0 -4.330127 19.999998 2.499999 0.23591 0.815551 -1
0 -2.5 19.999998 4.330126 0.23591 0.815551 -1
0 -2.5 19.999998 4.330126 0.23591 0.815551 -1
0 -4.330127 19.999998 2.499999 0.23591 0.815551 -1
0 0 19.999998 -4.999999 0.23591 0.815551 -1
0 0 19.999998 -4.999999 0.23591 0.815551 -1
0 4.330127 19.999998 -2.499999 0.23591 0.815551 -1
0 2.5 19.999998 -4.330126 0.23591 0.815551 -1
0 2.5 19.999998 -4.330126 0.23591 0.815551 -1
0 4.330127 19.999998 -2.499999 0.23591 0.815551 -1
0 0.644178 43.018223 -27.98913 0.000058 0.506443 -1
0 0.644178 43.018223 -24.990999 0.030042 0.506443 -1
0 49.994759 43.018223 -24.996799 0.029984 1 -1
0 49.994759 43.018223 -27.99493 0 1 -1
0 -5 19.999998 0 0.23591 0.815551 -1
0 -5 19.999998 0 0.23591 0.815551 -1
0 0.644176 42.028927 -27.98913 0.947393 0.401666 -1
0 0.644178 43.018223 -27.98913 0.951146 0.401666 -1
0 0 19.999998 4.999999 0.23591 0.815551 -1
0 0 19.999998 4.999999 0.23591 0.815551 -1
0 -0.644176 42.028927 -24.990999 0.481287 0.413885 -1
0 -49.994755 42.028927 -24.996799 0.481287 0.815551 -1
0 -49.994755 42.028927 -27.99493 0.47182 0.815551 -1
0 -0.644176 42.028927 -27.98913 0.47182 0.413885 -1
0 0 43.018223 -1.288341 0.267094 0.5 -1
0 0 43.018223 -24.990999 0.030042 0.5 -1
0 -0.644176 43.018223 -1.115736 0.26882 0.493557 -1
0 -0.644176 43.018223 -1.115736 0.66724 0.454 -1
0 -0.644178 43.018223 -24.990999 0.66724 0.215222 -1
0 -0.644176 42.028927 -24.990999 0.671197 0.215222 -1
0 -0.644174 42.028927 -1.115736 0.671197 0.454 -1
0 -0.644174 42.028927 -1.115736 0.70773 0.413885 -1
0 0 42.028927 -24.990999 0.481287 0.407775 -1
0 0 42.028927 -1.288341 0.706093 0.407775 -1
0 -0.644176 43.018223 1.115736 0.962406 0.226443 -1
0 -0.644174 42.028927 1.115736 0.966159 0.226443 -1
0 -0.644176 42.028927 24.990999 0.966159 0 -1
0 -0.644178 43.018223 24.990999 0.962406 0 -1
0 -0.644178 43.018223 -24.990999 0.724402 0 -1
0 -49.994759 43.018223 -24.996799 0.724402 0.493558 -1
0 -49.994755 42.028927 -24.996799 0.720444 0.493558 -1
0 -0.644176 42.028927 -24.990999 0.720444 0 -1
0 -0.644176 42.028927 -27.98913 0.947393 0.401666 -1
0 -49.994755 42.028927 -27.99493 0.947393 0 -1
0 -49.994759 43.018223 -27.99493 0.951147 0 -1
0 -0.644178 43.018223 -27.98913 0.951146 0.401666 -1
0 0.644174 42.028927 1.115736 0.70773 0.413885 -1
0 0.644176 42.028927 24.990999 0.481287 0.413885 -1
0 0 42.028927 24.990999 0.481287 0.407775 -1
0 0 42.028927 1.288341 0.706093 0.407775 -1
0 0 43.018223 -27.98913 0.000058 0.5 -1
0 0.644176 43.018223 -1.115736 0.26882 0.506443 -1
0 2.5 19.999998 4.330126 0.23591 0.815551 -1
0 2.5 19.999998 4.330126 0.23591 0.815551 -1
0 5 19.999998 0 0.23591 0.815551 -1
0 5 19.999998 0 0.23591 0.815551 -1
0 0.644176 43.018223 -1.115736 0.671197 0.215222 -1
0 0.644174 42.028927 -1.115736 0.675155 0.215222 -1
0 0.644176 42.028927 -24.990999 0.675155 0.454 -1
0 0.644178 43.018223 -24.990999 0.671197 0.454 -1
0 0.644178 43.018223 -24.990999 0.720444 0.493557 -1
0 0.644176 42.028927 -24.990999 0.716486 0.493557 -1
0 49.994755 42.028927 -24.996799 0.716486 0 -1
0 49.994759 43.018223 -24.996799 0.720444 0 -1
0 0.644176 42.028927 -24.990999 0.712529 0.493561 -1
0 0.644176 42.028927 -27.98913 0.682544 0.493557 -1
0 49.994755 42.028927 -27.99493 0.682544 0 -1
0 49.994755 42.028927 -24.996799 0.712529 0.000003 -1
0 0 42.028927 -27.98913 0.47182 0.407775 -1
0 0.644176 42.028927 -27.98913 0.728359 0 -1
0 0.644178 43.018223 -27.98913 0.732317 0 -1
0 49.994759 43.018223 -27.99493 0.732317 0.493558 -1
0 49.994755 42.028927 -27.99493 0.728359 0.493558 -1
0 0.644174 42.028927 -1.115736 0.681597 0.383682 -1
0 0 42.028927 -1.288341 0.675155 0.381956 -1
0 0 42.028927 -24.990999 0.675155 0.144904 -1
0 0.644176 42.028927 -24.990999 0.681597 0.144904 -1
0 0.644176 43.018223 1.115736 0.728359 0.732335 -1
0 0.644178 43.018223 24.990999 0.728359 0.493557 -1
0 0.644176 42.028927 24.990999 0.732317 0.493557 -1
0 0.644174 42.028927 1.115736 0.732317 0.732335 -1
0 -0.644176 42.028927 24.990999 0.481287 0.413885 -1
0 -0.644176 42.028927 27.98913 0.47182 0.413885 -1
0 -49.994755 42.028927 27.99493 0.47182 0.815551 -1
0 -49.994755 42.028927 24.996799 0.481287 0.815551 -1
0 4.330127 19.999998 2.499999 0.23591 0.815551 -1
0 4.330127 19.999998 2.499999 0.23591 0.815551 -1
0 0.644176 42.028927 -24.990999 0.481287 0.413885 -1
0 0.644176 42.028927 -27.98913 0.47182 0.413885 -1
0 0 43.018223 1.288341 0.535914 0.5 -1
0 0 43.018223 24.990999 0.298862 0.5 -1
0 0.644176 43.018223 1.115736 0.53764 0.493557 -1
0 0 42.028927 27.98913 0.47182 0.407775 -1
0 -0.644174 42.028927 1.115736 0.70773 0.413885 -1
0 0 43.018223 27.98913 0.268878 0.5 -1
0 -0.644176 43.018223 1.115736 0.53764 0.506443 -1
0 49.994755 42.028927 24.996799 0.481287 0.815551 -1
0 49.994755 42.028927 27.99493 0.47182 0.815551 -1
0 0.644176 42.028927 27.98913 0.47182 0.413885 -1
0 0.644176 42.028927 27.98913 0.947393 0.401666 -1
0 49.994755 42.028927 27.99493 0.947393 0 -1
0 49.994759 43.018223 27.99493 0.951147 0 -1
0 0.644178 43.018223 27.98913 0.951146 0.401666 -1
0 -0.644178 43.018223 24.990999 0.728359 0.493557 -1
0 -0.644176 42.028927 24.990999 0.724402 0.493557 -1
0 -49.994755 42.028927 24.996799 0.724402 0 -1
0 -49.994759 43.018223 24.996799 0.728359 0 -1
0 -0.644176 42.028927 27.98913 0.947393 0.401666 -1
0 -0.644178 43.018223 27.98913 0.951146 0.401666 -1
0 -49.994759 43.018223 27.99493 0.951147 0 -1
0 -49.994755 42.028927 27.99493 0.947393 0 -1
0 -49.994759 43.018223 -24.996799 0.855449 0.948224 -1
0 -49.994759 43.018223 -27.99493 0.855449 0.938757 -1
0 -49.994755 42.028927 -27.99493 0.859202 0.938757 -1
0 -49.994755 42.028927 -24.996799 0.859202 0.948224 -1
0 49.994759 43.018223 -24.996799 0.637651 0.307656 -1
0 49.994755 42.028927 -24.996799 0.641608 0.307656 -1
0 49.994755 42.028927 -27.99493 0.641608 0.337641 -1
0 49.994759 43.018223 -27.99493 0.637651 0.337641 -1
0 49.994759 43.018223 24.996799 0.637651 0.307656 -1
0 49.994759 43.018223 27.99493 0.637651 0.277672 -1
0 49.994755 42.028927 27.99493 0.641608 0.277672 -1
0 49.994755 42.028927 24.996799 0.641608 0.307656 -1
0 0.644178 43.018223 24.990999 0.716486 0 -1
0 49.994759 43.018223 24.996799 0.716486 0.493558 -1
0 49.994755 42.028927 24.996799 0.712529 0.493558 -1
0 0.644176 42.028927 24.990999 0.712529 0 -1
0 -49.994759 43.018223 24.996799 0.855449 0.948224 -1
0 -49.994755 42.028927 24.996799 0.859202 0.948224 -1
0 -49.994755 42.028927 27.99493 0.859202 0.938757 -1
0 -49.994759 43.018223 27.99493 0.855449 0.938757 -1
0 0 -15.000001 -10 0.655989 0.43245 -1
0 0 19.999998 -4.999999 0.53764 0.441908 -1
0 2.5 19.999998 -4.330126 0.53764 0.416826 -1
0 5 -15.000001 -8.660254 0.655989 0.382285 -1
0 5 -15.000001 -8.660254 0.655989 0.382285 -1
0 2.5 19.999998 -4.330126 0.53764 0.416826 -1
0 4.330127 19.999998 -2.499999 0.541624 0.398146 -1
0 8.660254 -15.000001 -5 0.663956 0.344925 -1
0 8.660254 -15.000001 -5 0.53764 0.75346 -1
0 4.330127 19.999998 -2.499999 0.583104 0.635082 -1
0 5 19.999998 0 0.605784 0.632907 -1
0 9.999999 -15.000001 0 0.582999 0.749111 -1
0 0 -15.000001 10 0.53764 0.486484 -1
0 5 -15.000001 8.660254 0.587645 0.481977 -1
0 2.5 19.999998 4.330126 0.587645 0.630654 -1
0 0 19.999998 4.999999 0.562643 0.632907 -1
0 5 -15.000001 8.660254 0.587645 0.481977 -1
0 8.660254 -15.000001 5 0.637651 0.486484 -1
0 4.330127 19.999998 2.499999 0.612648 0.632907 -1
0 2.5 19.999998 4.330126 0.587645 0.630654 -1
0 8.660254 -15.000001 5 0.634586 0.75346 -1
0 9.999999 -15.000001 0 0.582999 0.749111 -1
0 5 19.999998 0 0.605784 0.632907 -1
0 4.330127 19.999998 2.499999 0.631577 0.635082 -1
0 -5 -15.000001 8.660254 0.316919 0.815551 -1
0 -2.5 19.999998 4.330126 0.449881 0.85662 -1
0 -4.330127 19.999998 2.499999 0.449747 0.873977 -1
0 -8.660254 -15.000001 5 0.316651 0.850266 -1
0 -4.330127 19.999998 -2.499999 0.853057 0.836085 -1
0 -6.495189 39.999996 -3.75 0.928867 0.815551 -1
0 -3.749998 39.999996 -6.49519 0.928724 0.841587 -1
0 -2.5 19.999998 -4.330126 0.852962 0.853443 -1
0 0 -15.000001 -10 0.655989 0.43245 -1
0 -5 -15.000001 -8.660254 0.663956 0.481977 -1
0 -2.5 19.999998 -4.330126 0.541624 0.466672 -1
0 0 19.999998 -4.999999 0.53764 0.441908 -1
0 0 -15.000001 10 0.729566 0.815551 -1
0 0 19.999998 4.999999 0.729566 0.948591 -1
0 -2.5 19.999998 4.330126 0.705855 0.948626 -1
0 -5 -15.000001 8.660254 0.682144 0.815621 -1
0 -8.660254 -15.000001 -5 0.316651 0.945111 -1
0 -9.999999 -15.000001 0 0.316553 0.897688 -1
0 -5 19.999998 0 0.449697 0.897688 -1
0 -4.330127 19.999998 -2.499999 0.449747 0.9214 -1
0 -5 19.999998 0 0.964433 0.815551 -1
0 -4.330127 19.999998 2.499999 0.988144 0.8156 -1
0 -6.495189 39.999996 3.75 1 0.891315 -1
0 -7.499998 39.999996 0 0.964433 0.891241 -1
0 -0.644171 39.999996 1.115736 0.613427 0.084898 -1
0 -1.115735 39.999996 0.644171 0.619203 0.081563 -1
0 -6.495189 39.999996 3.75 0.663131 0.125491 -1
0 -3.749998 39.999996 6.49519 0.629506 0.144904 -1
0 5 19.999998 0 0.638658 0.673003 -1
0 7.499998 39.999996 0 0.722201 0.666532 -1
0 6.495189 39.999996 3.75 0.722201 0.705359 -1
0 4.330127 19.999998 2.499999 0.638658 0.698888 -1
0 0 39.999996 1.288341 0.606758 0.084898 -1
0 0 39.999996 7.499998 0.590679 0.144904 -1
0 4.330127 19.999998 -2.499999 0.637651 0.617704 -1
0 2.5 19.999998 -4.330126 0.641635 0.599024 -1
0 3.749998 39.999996 -6.49519 0.725192 0.604887 -1
0 6.495189 39.999996 -3.75 0.719216 0.632907 -1
0 1.115735 39.999996 0.644171 0.597647 0.075787 -1
0 6.495189 39.999996 3.75 0.53764 0.091865 -1
0 7.499998 39.999996 0 0.53764 0.053039 -1
0 1.28834 39.999996 0 0.597647 0.069117 -1
0 5 19.999998 0 0.638658 0.673003 -1
0 4.330127 19.999998 -2.499999 0.634586 0.650587 -1
0 6.495189 39.999996 -3.75 0.716093 0.632907 -1
0 7.499998 39.999996 0 0.722201 0.666532 -1
0 -1.28834 39.999996 0 0.622538 0.075787 -1
0 -7.499998 39.999996 0 0.682544 0.091865 -1
0 3.749998 39.999996 6.49519 0.557054 0.125491 -1
0 0.644171 39.999996 1.115736 0.600981 0.081563 -1
0 0 39.999996 -1.288341 0.613427 0.060006 -1
0 0 39.999996 -7.499998 0.629506 0 -1
0 -3.749998 39.999996 -6.49519 0.663131 0.019413 -1
0 -0.644171 39.999996 -1.115736 0.619203 0.063341 -1
0 2.5 19.999998 -4.330126 0.641635 0.599024 -1
0 0 19.999998 -4.999999 0.641635 0.573942 -1
0 0 39.999996 -7.499998 0.725192 0.567264 -1
0 3.749998 39.999996 -6.49519 0.725192 0.604887 -1
0 0.644171 39.999996 -1.115736 0.606758 0.060006 -1
0 3.749998 39.999996 -6.49519 0.590679 0 -1
0 1.115735 39.999996 -0.644171 0.600981 0.063341 -1
0 6.495189 39.999996 -3.75 0.557054 0.019413 -1
0 4.330127 19.999998 2.499999 0.638658 0.698888 -1
0 6.495189 39.999996 3.75 0.722201 0.705359 -1
0 3.749998 39.999996 6.49519 0.716093 0.738984 -1
0 2.5 19.999998 4.330126 0.634586 0.721305 -1
0 2.5 19.999998 4.330126 0.675155 0.144904 -1
0 3.749998 39.999996 6.49519 0.675155 0.211842 -1
0 0 39.999996 7.499998 0.637651 0.215222 -1
0 0 19.999998 4.999999 0.650152 0.147157 -1
0 -5 19.999998 0 0.964433 0.815551 -1
0 -7.499998 39.999996 0 0.964433 0.891241 -1
0 -6.495189 39.999996 -3.75 0.928867 0.891315 -1
0 -4.330127 19.999998 -2.499999 0.940722 0.8156 -1
0 -6.495189 39.999996 -3.75 0.682544 0.053039 -1
0 -1.115735 39.999996 -0.644171 0.622538 0.069117 -1
0 -2.5 19.999998 -4.330126 0.637651 0.549178 -1
0 -3.749998 39.999996 -6.49519 0.719217 0.530118 -1
0 0 39.999996 -7.499998 0.725192 0.567264 -1
0 0 19.999998 -4.999999 0.641635 0.573942 -1
0 -2.5 19.999998 4.330126 0.777023 0.900865 -1
0 0 19.999998 4.999999 0.776988 0.877154 -1
0 0 39.999996 7.499998 0.852732 0.877154 -1
0 -3.749998 39.999996 6.49519 0.852785 0.912721 -1
0 -4.330127 19.999998 2.499999 0.777118 0.918223 -1
0 -2.5 19.999998 4.330126 0.777023 0.900865 -1
0 -3.749998 39.999996 6.49519 0.852785 0.912721 -1
0 -6.495189 39.999996 3.75 0.852927 0.938757 -1
0 0 -15.000001 -10 0.637651 0.344925 -1
0 5 -15.000001 -8.660254 0.587646 0.331526 -1
0 8.660254 -15.000001 -5 0.551039 0.29492 -1
0 9.999999 -15.000001 0 0.53764 0.244915 -1
0 0 -15.000001 0 0.637651 0.244915 -1
0 0 -15.000001 -10 0.024548 0.974229 -1
0 0 -15.000001 0 0.091613 0.907164 -1
0 -9.999999 -15.000001 0 0.158678 0.974229 -1
0 -8.660254 -15.000001 -5 0.11616 0.998776 -1
0 -5 -15.000001 -8.660254 0.067065 0.998776 -1
0 -8.660254 -15.000001 5 0.316651 0.850266 -1
0 -4.330127 19.999998 2.499999 0.449747 0.873977 -1
0 -5 19.999998 0 0.449697 0.897688 -1
0 -9.999999 -15.000001 0 0.316553 0.897688 -1
0 5 -15.000001 8.660254 0.587646 0.158303 -1
0 0 -15.000001 10 0.637651 0.144904 -1
0 8.660254 -15.000001 5 0.551039 0.194909 -1
0 -5 -15.000001 -8.660254 0.316919 0.979826 -1
0 -8.660254 -15.000001 -5 0.316651 0.945111 -1
0 -4.330127 19.999998 -2.499999 0.449747 0.9214 -1
0 -2.5 19.999998 -4.330126 0.449881 0.938757 -1
0 -5 -15.000001 8.660254 0.183225 0.882616 -1
0 -8.660254 -15.000001 5 0.183225 0.931711 -1
0 0 -15.000001 10 0.158678 0.840098 -1
0 -0.644176 43.018223 -1.115736 0.812053 0.94323 -1
0 -0.644178 43.999996 -1.115736 0.815778 0.94323 -1
0 0 43.999996 -1.288341 0.815769 0.949339 -1
0 0 43.018223 -1.288341 0.812044 0.949339 -1
0 0.644171 39.999996 -1.115736 0.644221 0.277672 -1
0 0 39.999996 -1.288341 0.637651 0.277672 -1
0 0 42.028927 -1.288341 0.637651 0.269555 -1
0 0.644174 42.028927 -1.115736 0.644221 0.269555 -1
0 1.115735 39.999996 -0.644171 0.650485 0.277672 -1
0 0.644171 39.999996 -1.115736 0.644221 0.277672 -1
0 0.644174 42.028927 -1.115736 0.644221 0.269555 -1
0 0.644176 43.018223 -1.115736 0.644221 0.265597 -1
0 0.644178 43.999996 -1.115736 0.644221 0.26167 -1
0 1.115743 43.999996 -0.644171 0.650485 0.26167 -1
0 1.115735 39.999996 0.644171 0.637651 0.252559 -1
0 1.115743 43.999996 0.644171 0.653652 0.252559 -1
0 0.644178 43.999996 1.115736 0.653652 0.258335 -1
0 0.644176 43.018223 1.115736 0.649725 0.258335 -1
0 0.644174 42.028927 1.115736 0.645767 0.258335 -1
0 0.644171 39.999996 1.115736 0.637651 0.258335 -1
0 1.28834 39.999996 0 0.637651 0.24589 -1
0 1.115735 39.999996 -0.644171 0.637651 0.240114 -1
0 1.115743 43.999996 -0.644171 0.653652 0.240113 -1
0 1.288347 43.999996 0 0.653652 0.24589 -1
0 1.28834 39.999996 0 0.637651 0.24589 -1
0 1.288347 43.999996 0 0.653652 0.24589 -1
0 1.115743 43.999996 0.644171 0.653652 0.252559 -1
0 1.115735 39.999996 0.644171 0.637651 0.252559 -1
0 0.644171 39.999996 1.115736 0.637651 0.258335 -1
0 0.644174 42.028927 1.115736 0.645767 0.258335 -1
0 0 42.028927 1.288341 0.645767 0.26167 -1
0 0 39.999996 1.288341 0.637651 0.26167 -1
0 0.644176 43.018223 -1.115736 0.644221 0.265597 -1
0 0 43.018223 -1.288341 0.637651 0.265597 -1
0 0 43.999996 -1.288341 0.637651 0.26167 -1
0 0.644178 43.999996 -1.115736 0.644221 0.26167 -1
0 -1.28834 39.999996 0 0.83712 0.938757 -1
0 -1.288347 43.999996 0 0.83712 0.953932 -1
0 -1.115743 43.999996 -0.644171 0.831011 0.953945 -1
0 -1.115735 39.999996 -0.644171 0.831011 0.93877 -1
0 -0.644171 39.999996 -1.115736 0.800603 0.94323 -1
0 -0.644174 42.028927 -1.115736 0.8083 0.94323 -1
0 0 42.028927 -1.288341 0.808291 0.949339 -1
0 0 39.999996 -1.288341 0.800594 0.949339 -1
0 -1.115735 39.999996 -0.644171 0.800627 0.938757 -1
0 -1.115743 43.999996 -0.644171 0.815802 0.938757 -1
0 -0.644178 43.999996 -1.115736 0.815778 0.94323 -1
0 -0.644176 43.018223 -1.115736 0.812053 0.94323 -1
0 -0.644174 42.028927 -1.115736 0.8083 0.94323 -1
0 -0.644171 39.999996 -1.115736 0.800603 0.94323 -1
0 -1.115735 39.999996 0.644171 0.815836 0.959922 -1
0 -0.644171 39.999996 1.115736 0.815811 0.955449 -1
0 -0.644174 42.028927 1.115736 0.823508 0.955449 -1
0 -0.644176 43.018223 1.115736 0.827261 0.955449 -1
0 -0.644178 43.999996 1.115736 0.830986 0.955449 -1
0 -1.115743 43.999996 0.644171 0.831011 0.959922 -1
0 -0.644171 39.999996 1.115736 0.815811 0.955449 -1
0 0 39.999996 1.288341 0.815802 0.949339 -1
0 0 42.028927 1.288341 0.823499 0.949339 -1
0 -0.644174 42.028927 1.115736 0.823508 0.955449 -1
0 -1.28834 39.999996 0 0.83712 0.938757 -1
0 -1.115735 39.999996 0.644171 0.84323 0.93877 -1
0 -1.115743 43.999996 0.644171 0.84323 0.953945 -1
0 -1.288347 43.999996 0 0.83712 0.953932 -1
0 0.644176 43.018223 1.115736 0.649725 0.258335 -1
0 0.644178 43.999996 1.115736 0.653652 0.258335 -1
0 0 43.999996 1.288341 0.653652 0.26167 -1
0 0 43.018223 1.288341 0.649725 0.26167 -1
0 -0.644176 43.018223 1.115736 0.827261 0.955449 -1
0 0 43.018223 1.288341 0.827252 0.949339 -1
0 0 43.999996 1.288341 0.830977 0.949339 -1
0 -0.644178 43.999996 1.115736 0.830986 0.955449 -1
0 0.644178 43.999996 1.115736 0.659207 0.236779 -1
0 1.115743 43.999996 0.644171 0.653431 0.240113 -1
0 1.288347 43.999996 0 0.646762 0.240113 -1
0 0 43.999996 0 0.650097 0.227668 -1
0 0 43.999996 1.288341 0.662542 0.231002 -1
0 0.644178 43.999996 -1.115736 0.637651 0.231003 -1
0 0 43.999996 -1.288341 0.637651 0.224333 -1
0 1.115743 43.999996 -0.644171 0.640986 0.236779 -1
0 -0.644178 43.999996 1.115736 0.662542 0.224333 -1
0 -1.288347 43.999996 0 0.653431 0.215222 -1
0 -1.115743 43.999996 0.644171 0.659207 0.218557 -1
0 -0.644178 43.999996 -1.115736 0.640986 0.218557 -1
0 -1.115743 43.999996 -0.644171 0.646762 0.215222 -1
49
0 0 1
0 1 0
0 0 -1
0 -1 0
-1 0 0
-0.0001 0 1
0.0001 0 -1
1 0 0
0.0001 0 1
-0.0001 0 -1
0.2564 0.1367 -0.9569
0.7005 0.1367 -0.7005
0.9569 0.1367 -0.2564
0.2564 0.1367 0.9569
0.7005 0.1367 0.7005
0.9569 0.1367 0.2564
-0.7005 0.1367 0.7005
-0.702 -0.1199 -0.702
-0.2564 0.1367 -0.9569
-0.2564 0.1367 0.9569
-0.9569 0.1367 -0.2564
-0.959 -0.1199 0.257
0 1 0
0.959 -0.1199 0.257
0.702 -0.1199 -0.702
0.959 -0.1199 -0.257
0.257 -0.1199 -0.959
0.702 -0.1199 0.702
0.257 -0.1199 0.959
-0.959 -0.1199 -0.257
-0.257 -0.1199 -0.959
-0.257 -0.1199 0.959
-0.702 -0.1199 0.702
0 -1 0
-0.9569 0.1367 0.2564
-0.7005 0.1367 -0.7005
-0.2588 0 -0.9659
0.2588 0 -0.9659
0.7071 0 -0.7071
0.7071 0 0.7071
0.9659 0 -0.2588
0.9659 0 0.2588
0.2588 0 0.9659
-0.9659 0 -0.2588
-0.7071 0 -0.7071
-0.7071 0 0.7071
-0.2588 0 0.9659
-0.9659 0 0.2588
0 1 0
52
0 293 294 295 36 36 36 1
0 293 295 296 36 36 36 1
0 297 298 299 37 37 37 1
0 297 299 300 37 37 37 1
0 301 302 303 38 38 38 1
0 301 303 304 38 38 38 1
0 301 304 305 38 38 38 1
0 301 305 306 38 38 38 1
0 307 308 309 39 39 39 1
0 307 309 310 39 39 39 1
0 307 310 311 39 39 39 1
0 307 311 312 39 39 39 1
0 313 314 315 40 40 40 1
0 313 315 316 40 40 40 1
0 317 318 319 41 41 41 1
0 317 319 320 41 41 41 1
0 321 322 323 42 42 42 1
0 321 323 324 42 42 42 1
0 325 326 327 37 37 37 1
0 325 327 328 37 37 37 1
0 329 330 331 43 43 43 1
0 329 331 332 43 43 43 1
0 333 334 335 36 36 36 1
0 333 335 336 36 36 36 1
0 337 338 339 44 44 44 1
0 337 339 340 44 44 44 1
0 337 340 341 44 44 44 1
0 337 341 342 44 44 44 1
0 343 344 345 45 45 45 1
0 343 345 346 45 45 45 1
0 343 346 347 45 45 45 1
0 343 347 348 45 45 45 1
0 349 350 351 46 46 46 1
0 349 351 352 46 46 46 1
0 353 354 355 47 47 47 1
0 353 355 356 47 47 47 1
0 357 358 359 42 42 42 1
0 357 359 360 42 42 42 1
0 361 362 363 46 46 46 1
0 361 363 364 46 46 46 1
0 365 366 367 48 48 48 1
0 365 367 368 48 48 48 1
0 365 368 369 48 48 48 1
0 370 371 368 48 48 48 1
0 370 368 367 48 48 48 1
0 370 367 372 48 48 48 1
0 373 369 368 48 48 48 1
0 373 368 374 48 48 48 1
0 373 374 375 48 48 48 1
0 376 377 374 48 48 48 1
0 376 374 368 48 48 48 1
0 376 368 371 48 48 48 1
Materials: 3
"Material.002"
1.000000 1.000000 1.000000 1
0.800000 0.800000 0.800000 1
0.500000 0.500000 0.500000 1
0.000000 0.000000 0.000000 1
225.000000
1.000000
"metal.png"
""
"Material.003"
1.000000 1.000000 1.000000 1
0.800000 0.800000 0.800000 1
0.500000 0.500000 0.500000 1
0.000000 0.000000 0.000000 1
225.000000
1.000000
"metal.png"
""
"Material.004"
1.000000 1.000000 1.000000 1
0.800000 0.800000 0.800000 1
0.500000 0.500000 0.500000 1
0.000000 0.000000 0.000000 1
225.000000
1.000000
"beam_tex.png"
""
Bones: 1
"Bone01"
""
0 0 0 0 0 0 0
1
1 0 0 0
1
1 0 0 0

GroupComments: 0
MaterialComments: 0
BoneComments: 0
ModelComment: 0