// MilkShape 3D ASCII

Frames: 30
Frame: 1

Meshes: 9
"default" 0 0
324
0 -82.897133 -19.999989 -37.430576 0.982139 0.433807 -1
0 -82.897133 -20.000011 37.430576 0.982139 0.405919 -1
0 82.897133 -20.000011 37.430576 0.954252 0.405919 -1
0 82.897133 -19.999989 -37.430576 0.954252 0.433807 -1
0 -82.897133 -19.783436 -37.430576 0.982139 0.433807 -1
0 82.897133 -19.783436 -37.430576 0.954252 0.433807 -1
0 82.897133 -19.783461 37.430576 0.954252 0.405919 -1
0 -82.897133 -19.783461 37.430576 0.982139 0.405919 -1
0 30.940052 21.638235 -30.000000 0.602991 0.179548 -1
0 30.940052 37.514812 -29.999998 0.526240 0.179548 -1
0 37.514812 37.514812 -29.999998 0.526240 0.163972 -1
0 37.514812 21.638235 -30.000000 0.602991 0.163972 -1
0 -31.584635 21.638235 -30.000000 0.602991 0.327668 -1
0 -31.584635 37.514812 -29.999998 0.526240 0.327668 -1
0 -12.504937 37.514812 -29.999998 0.526240 0.282468 -1
0 -12.504937 21.638235 -30.000000 0.602991 0.282468 -1
0 9.965380 21.638235 -30.000000 0.602991 0.229236 -1
0 9.965380 37.514812 -29.999998 0.526240 0.229236 -1
0 12.504937 37.514812 -29.999998 0.526240 0.223220 -1
0 12.504937 21.638235 -30.000000 0.602991 0.223220 -1
0 -37.514812 21.638237 -30.000000 0.602991 0.341717 -1
0 -37.514812 37.514812 -29.999998 0.526240 0.341717 -1
0 -9.968236 37.514812 -29.999998 0.526240 0.276459 -1
0 -9.968236 21.638235 -30.000000 0.602991 0.276459 -1
0 -9.968236 -37.514812 -30.000002 0.888950 0.276459 -1
0 -9.968236 5.761661 -30.000000 0.679742 0.276459 -1
0 9.965380 5.761661 -30.000000 0.679742 0.229236 -1
0 9.965380 -37.514812 -30.000002 0.888950 0.229236 -1
0 -12.504937 -37.514812 -30.000002 0.888950 0.282468 -1
0 -12.504937 5.761661 -30.000000 0.679742 0.282468 -1
0 -37.514812 -37.514812 -30.000002 0.888950 0.341717 -1
0 -37.514812 5.761661 -30.000000 0.679742 0.341717 -1
0 -31.584635 5.761661 -30.000000 0.679742 0.327668 -1
0 -31.584635 -37.514812 -30.000002 0.888950 0.327668 -1
0 12.504937 -37.514812 -30.000002 0.888950 0.223220 -1
0 12.504937 5.761661 -30.000000 0.679742 0.223220 -1
0 30.940052 5.761661 -30.000000 0.679742 0.179548 -1
0 30.940052 -37.514812 -30.000002 0.888950 0.179548 -1
0 37.514812 5.761661 -30.000000 0.679742 0.163972 -1
0 37.514812 -37.514812 -30.000002 0.888950 0.163972 -1
0 -12.504937 9.730803 -30.000000 0.660554 0.282468 -1
0 -9.968236 9.730803 -30.000000 0.660554 0.276459 -1
0 -37.514812 9.730803 -30.000000 0.660554 0.341717 -1
0 -31.584635 9.730803 -30.000000 0.660554 0.327668 -1
0 9.965380 9.730803 -30.000000 0.660554 0.229236 -1
0 12.504937 9.730803 -30.000000 0.660554 0.223220 -1
0 30.940052 9.730803 -30.000000 0.660554 0.179548 -1
0 37.514812 9.730803 -30.000000 0.660554 0.163972 -1
0 30.940052 21.638235 -30.500000 0.602991 0.179548 -1
0 37.514812 21.638235 -30.500000 0.602991 0.163972 -1
0 37.514812 37.514812 -30.499998 0.526240 0.163972 -1
0 30.940052 37.514812 -30.499998 0.526240 0.179548 -1
0 -31.584635 21.638235 -30.500000 0.602991 0.327668 -1
0 -12.504937 21.638235 -30.500000 0.602991 0.282468 -1
0 -12.504937 37.514812 -30.499998 0.526240 0.282468 -1
0 -31.584635 37.514812 -30.499998 0.526240 0.327668 -1
0 9.965380 21.638235 -30.500000 0.602991 0.229236 -1
0 12.504937 21.638235 -30.500000 0.602991 0.223220 -1
0 12.504937 37.514812 -30.499998 0.526240 0.223220 -1
0 9.965380 37.514812 -30.499998 0.526240 0.229236 -1
0 -37.514812 21.638237 -30.500000 0.602991 0.341717 -1
0 -37.514812 37.514812 -30.499998 0.526240 0.341717 -1
0 -9.968236 21.638235 -30.500000 0.602991 0.276459 -1
0 -9.968236 37.514812 -30.499998 0.526240 0.276459 -1
0 -9.968236 -37.514812 -30.500002 0.888950 0.276459 -1
0 9.965380 -37.514812 -30.500002 0.888950 0.229236 -1
0 9.965380 5.761661 -30.500000 0.679742 0.229236 -1
0 -9.968236 5.761661 -30.500000 0.679742 0.276459 -1
0 -12.504937 -37.514812 -30.500002 0.888950 0.282468 -1
0 -12.504937 5.761661 -30.500000 0.679742 0.282468 -1
0 -37.514812 -37.514812 -30.500002 0.888950 0.341717 -1
0 -31.584635 -37.514812 -30.500002 0.888950 0.327668 -1
0 -31.584635 5.761661 -30.500000 0.679742 0.327668 -1
0 -37.514812 5.761661 -30.500000 0.679742 0.341717 -1
0 12.504937 -37.514812 -30.500002 0.888950 0.223220 -1
0 30.940052 -37.514812 -30.500002 0.888950 0.179548 -1
0 30.940052 5.761661 -30.500000 0.679742 0.179548 -1
0 12.504937 5.761661 -30.500000 0.679742 0.223220 -1
0 37.514812 -37.514812 -30.500002 0.888950 0.163972 -1
0 37.514812 5.761661 -30.500000 0.679742 0.163972 -1
0 -12.504937 9.730803 -30.500000 0.660554 0.282468 -1
0 -9.968236 9.730803 -30.500000 0.660554 0.276459 -1
0 -37.514812 9.730803 -30.500000 0.660554 0.341717 -1
0 -31.584635 9.730803 -30.500000 0.660554 0.327668 -1
0 9.965380 9.730803 -30.500000 0.660554 0.229236 -1
0 12.504937 9.730803 -30.500000 0.660554 0.223220 -1
0 30.940052 9.730803 -30.500000 0.660554 0.179548 -1
0 37.514812 9.730803 -30.500000 0.660554 0.163972 -1
0 -12.504937 9.135432 -30.000000 0.991771 0.276459 -1
0 -12.504937 5.761661 -30.000000 0.991771 0.284452 -1
0 -12.504937 5.761661 -30.500000 0.994188 0.284452 -1
0 -12.504937 9.135432 -30.500000 0.994188 0.276459 -1
0 12.504937 9.730803 -30.000000 0.988670 0.309153 -1
0 12.504937 21.638235 -30.000000 0.988670 0.280945 -1
0 12.504937 21.638235 -30.500000 0.991087 0.280945 -1
0 12.504937 9.730803 -30.500000 0.991087 0.309153 -1
0 -12.504937 37.514812 -29.999998 0.666230 0.282468 -1
0 -31.584635 37.514812 -29.999998 0.666230 0.327668 -1
0 -31.584635 37.514812 -30.499998 0.668647 0.327668 -1
0 -12.504937 37.514812 -30.499998 0.668647 0.282468 -1
0 30.940052 9.135432 -30.000000 0.988670 0.310564 -1
0 30.940052 5.761661 -30.000000 0.988670 0.318556 -1
0 30.940052 5.761661 -30.500000 0.991087 0.318556 -1
0 30.940052 9.135432 -30.500000 0.991087 0.310564 -1
0 -37.514812 9.135432 -30.500000 0.663433 0.341717 -1
0 -77.514816 9.730803 -30.500000 0.660554 0.436476 -1
0 -77.514816 9.135432 -30.500000 0.663433 0.436476 -1
0 -37.514812 -37.514812 -30.000002 0.666230 0.341717 -1
0 -31.584635 -37.514812 -30.000002 0.666230 0.327668 -1
0 -31.584635 -37.514812 -30.500002 0.668647 0.327668 -1
0 -37.514812 -37.514812 -30.500002 0.668647 0.341717 -1
0 -31.584635 9.730803 -30.000000 0.991771 0.275049 -1
0 -31.584635 21.638235 -30.000000 0.991771 0.246840 -1
0 -31.584635 21.638235 -30.500000 0.994188 0.246840 -1
0 -31.584635 9.730803 -30.500000 0.994188 0.275049 -1
0 30.940052 -37.514812 -30.000002 0.666230 0.179548 -1
0 37.514812 -37.514812 -30.000002 0.666230 0.163972 -1
0 37.514812 -37.514812 -30.500002 0.668647 0.163972 -1
0 30.940052 -37.514812 -30.500002 0.668647 0.179548 -1
0 -9.968236 9.730803 -30.000000 0.976269 0.244045 -1
0 -9.968236 21.638235 -30.000000 0.976269 0.215836 -1
0 -9.968236 21.638235 -30.500000 0.978686 0.215836 -1
0 -9.968236 9.730803 -30.500000 0.978686 0.244045 -1
0 37.514812 9.135432 -30.500000 0.663433 0.163972 -1
0 77.514816 9.135432 -30.500000 0.663433 0.069212 -1
0 77.514816 9.730803 -30.500000 0.660554 0.069212 -1
0 -12.504937 -37.514812 -30.000002 0.666230 0.282468 -1
0 -9.968236 -37.514812 -30.000002 0.666230 0.276459 -1
0 -9.968236 -37.514812 -30.500002 0.668647 0.276459 -1
0 -12.504937 -37.514812 -30.500002 0.668647 0.282468 -1
0 9.965380 9.135432 -30.000000 0.976269 0.245455 -1
0 9.965380 5.761661 -30.000000 0.976269 0.253448 -1
0 9.965380 5.761661 -30.500000 0.978686 0.253448 -1
0 9.965380 9.135432 -30.500000 0.978686 0.245455 -1
0 -37.514812 37.514812 -29.999998 0.666230 0.341717 -1
0 -37.514812 37.514812 -30.499998 0.668647 0.341717 -1
0 9.965380 5.761661 -30.000000 0.976269 0.226136 -1
0 -9.968236 5.761661 -30.000000 0.976269 0.273358 -1
0 -9.968236 5.761661 -30.500000 0.978686 0.273358 -1
0 9.965380 5.761661 -30.500000 0.978686 0.226136 -1
0 9.965380 37.514812 -29.999998 0.666230 0.229236 -1
0 -9.968236 37.514812 -29.999998 0.666230 0.276459 -1
0 -9.968236 37.514812 -30.499998 0.668647 0.276459 -1
0 9.965380 37.514812 -30.499998 0.668647 0.229236 -1
0 -77.514816 21.638237 -30.500000 0.602991 0.436476 -1
0 -9.968236 21.638235 -30.000000 0.976269 0.273358 -1
0 9.965380 21.638235 -30.000000 0.976269 0.226136 -1
0 9.965380 21.638235 -30.500000 0.978686 0.226136 -1
0 -9.968236 21.638235 -30.500000 0.978686 0.273358 -1
0 9.965380 -37.514812 -30.000002 0.666230 0.229236 -1
0 12.504937 -37.514812 -30.000002 0.666230 0.223220 -1
0 12.504937 -37.514812 -30.500002 0.668647 0.223220 -1
0 9.965380 -37.514812 -30.500002 0.668647 0.229236 -1
0 30.940052 37.514812 -29.999998 0.666230 0.179548 -1
0 12.504937 37.514812 -29.999998 0.666230 0.223220 -1
0 12.504937 37.514812 -30.499998 0.668647 0.223220 -1
0 30.940052 37.514812 -30.499998 0.668647 0.179548 -1
0 30.940052 5.761661 -30.000000 0.988670 0.241555 -1
0 12.504937 5.761661 -30.000000 0.988670 0.285228 -1
0 12.504937 5.761661 -30.500000 0.991087 0.285228 -1
0 30.940052 5.761661 -30.500000 0.991087 0.241555 -1
0 12.504937 21.638235 -30.000000 0.988670 0.285228 -1
0 30.940052 21.638235 -30.000000 0.988670 0.241555 -1
0 30.940052 21.638235 -30.500000 0.991087 0.241555 -1
0 12.504937 21.638235 -30.500000 0.991087 0.285228 -1
0 -12.504937 5.761661 -30.000000 0.991771 0.310372 -1
0 -31.584635 5.761661 -30.000000 0.991771 0.355572 -1
0 -31.584635 5.761661 -30.500000 0.994188 0.355572 -1
0 -12.504937 5.761661 -30.500000 0.994188 0.310372 -1
0 -37.514812 9.135432 -30.000000 0.663433 0.341717 -1
0 -77.514816 5.761661 -30.000000 0.679742 0.436476 -1
0 -77.514816 9.135432 -30.000000 0.663433 0.436476 -1
0 77.514816 37.514812 -29.999998 0.526240 0.069212 -1
0 77.514816 21.638235 -30.000000 0.602991 0.069212 -1
0 -31.584635 21.638235 -30.000000 0.991771 0.355572 -1
0 -12.504937 21.638235 -30.000000 0.991771 0.310372 -1
0 -12.504937 21.638235 -30.500000 0.994188 0.310372 -1
0 -31.584635 21.638235 -30.500000 0.994188 0.355572 -1
0 37.514812 37.514812 -29.999998 0.666230 0.163972 -1
0 37.514812 37.514812 -30.499998 0.668647 0.163972 -1
0 77.514816 37.514812 -30.499998 0.668647 0.069212 -1
0 77.514816 37.514812 -29.999998 0.666230 0.069212 -1
0 -77.514816 9.730803 -30.000000 0.660554 0.436476 -1
0 -31.584635 9.135432 -30.000000 0.666230 0.248556 -1
0 -31.584635 9.730803 -30.000000 0.666230 0.247145 -1
0 -31.584635 9.730803 -30.500000 0.668647 0.247145 -1
0 -31.584635 9.135432 -30.500000 0.668647 0.248556 -1
0 -31.584635 9.135432 -30.500000 0.663433 0.327668 -1
0 -31.584635 9.135432 -30.000000 0.663433 0.327668 -1
0 -9.968236 9.135432 -30.000000 0.666230 0.248556 -1
0 -9.968236 9.730803 -30.000000 0.666230 0.247145 -1
0 -9.968236 9.730803 -30.500000 0.668647 0.247145 -1
0 -9.968236 9.135432 -30.500000 0.668647 0.248556 -1
0 -12.504937 21.638235 -30.000000 0.991771 0.246840 -1
0 -12.504937 9.730803 -30.000000 0.991771 0.275049 -1
0 -12.504937 9.730803 -30.500000 0.994188 0.275049 -1
0 -12.504937 21.638235 -30.500000 0.994188 0.246840 -1
0 -12.504937 9.135432 -30.500000 0.663433 0.282468 -1
0 -9.968236 9.135432 -30.500000 0.663433 0.276459 -1
0 -12.504937 9.135432 -30.000000 0.663433 0.282468 -1
0 -9.968236 9.135432 -30.000000 0.663433 0.276459 -1
0 9.965380 21.638235 -30.000000 0.976269 0.215836 -1
0 9.965380 9.730803 -30.000000 0.976269 0.244045 -1
0 9.965380 9.730803 -30.500000 0.978686 0.244045 -1
0 9.965380 21.638235 -30.500000 0.978686 0.215836 -1
0 12.504937 9.135432 -30.500000 0.663433 0.223220 -1
0 9.965380 9.135432 -30.500000 0.663433 0.229236 -1
0 9.965380 9.135432 -30.000000 0.663433 0.229236 -1
0 12.504937 9.135432 -30.000000 0.663433 0.223220 -1
0 37.514812 9.135432 -30.000000 0.663433 0.163972 -1
0 77.514816 9.135432 -30.000000 0.663433 0.069212 -1
0 77.514816 5.761661 -30.000000 0.679742 0.069212 -1
0 30.940052 21.638235 -30.000000 0.988670 0.280945 -1
0 30.940052 9.730803 -30.000000 0.988670 0.309153 -1
0 30.940052 9.730803 -30.500000 0.991087 0.309153 -1
0 30.940052 21.638235 -30.500000 0.991087 0.280945 -1
0 30.940052 9.135432 -30.500000 0.663433 0.179548 -1
0 30.940052 9.135432 -30.000000 0.663433 0.179548 -1
0 -31.584635 5.761661 -30.000000 0.991771 0.284452 -1
0 -31.584635 9.135432 -30.000000 0.991771 0.276459 -1
0 -31.584635 9.135432 -30.500000 0.994188 0.276459 -1
0 -31.584635 5.761661 -30.500000 0.994188 0.284452 -1
0 -77.514816 37.514812 -29.999998 0.666230 0.436476 -1
0 -77.514816 37.514812 -30.499998 0.668647 0.436476 -1
0 -9.968236 5.761661 -30.000000 0.976269 0.253448 -1
0 -9.968236 9.135432 -30.000000 0.976269 0.245455 -1
0 -9.968236 9.135432 -30.500000 0.978686 0.245455 -1
0 -9.968236 5.761661 -30.500000 0.978686 0.253448 -1
0 -12.504937 9.135432 -30.000000 0.991771 0.310372 -1
0 -12.504937 9.135432 -30.500000 0.994188 0.310372 -1
0 -32.245163 9.135432 -30.500000 0.994188 0.357136 -1
0 -32.245163 9.135432 -30.000000 0.991771 0.357136 -1
0 12.504937 5.761661 -30.000000 0.988670 0.318556 -1
0 12.504937 9.135432 -30.000000 0.988670 0.310564 -1
0 12.504937 9.135432 -30.500000 0.991087 0.310564 -1
0 12.504937 5.761661 -30.500000 0.991087 0.318556 -1
0 9.965380 9.135432 -30.000000 0.976269 0.226136 -1
0 9.965380 9.135432 -30.500000 0.978686 0.226136 -1
0 -10.055113 9.135432 -30.500000 0.978686 0.273564 -1
0 -10.055113 9.135432 -30.000000 0.976269 0.273564 -1
0 77.514816 -37.514812 -30.000002 0.666230 0.069212 -1
0 77.514816 -37.514812 -30.500002 0.668647 0.069212 -1
0 12.504937 9.730803 -30.000000 0.988670 0.285228 -1
0 12.504937 9.730803 -30.500000 0.991087 0.285228 -1
0 30.976032 9.730803 -30.500000 0.991087 0.241470 -1
0 30.976032 9.730803 -30.000000 0.988670 0.241470 -1
0 30.940052 9.730803 -30.000000 0.666230 0.247145 -1
0 30.940052 9.135432 -30.000000 0.666230 0.248556 -1
0 30.940052 9.135432 -30.500000 0.668647 0.248556 -1
0 30.940052 9.730803 -30.500000 0.668647 0.247145 -1
0 30.976032 9.135432 -30.000000 0.666230 0.248556 -1
0 30.976032 9.730803 -30.000000 0.666230 0.247145 -1
0 30.976032 9.730803 -30.500000 0.668647 0.247145 -1
0 30.976032 9.135432 -30.500000 0.668647 0.248556 -1
0 30.976032 9.730803 -30.000000 0.660554 0.179462 -1
0 30.976032 9.135432 -30.000000 0.663433 0.179462 -1
0 30.976032 9.135432 -30.500000 0.663433 0.179462 -1
0 30.976032 9.730803 -30.500000 0.660554 0.179462 -1
0 12.504937 9.135432 -30.500000 0.991087 0.285228 -1
0 12.504937 9.135432 -30.000000 0.988670 0.285228 -1
0 30.976032 9.135432 -30.000000 0.988670 0.241470 -1
0 30.976032 9.135432 -30.500000 0.991087 0.241470 -1
0 -10.055113 9.730803 -30.000000 0.666230 0.247145 -1
0 -10.055113 9.135432 -30.000000 0.666230 0.248556 -1
0 -10.055113 9.135432 -30.500000 0.668647 0.248556 -1
0 -10.055113 9.730803 -30.500000 0.668647 0.247145 -1
0 9.965380 9.730803 -30.500000 0.978686 0.226136 -1
0 9.965380 9.730803 -30.000000 0.976269 0.226136 -1
0 -10.055113 9.730803 -30.000000 0.976269 0.273564 -1
0 -10.055113 9.730803 -30.500000 0.978686 0.273564 -1
0 -10.055113 9.730803 -30.500000 0.660554 0.276665 -1
0 -10.055113 9.135432 -30.500000 0.663433 0.276665 -1
0 -10.055113 9.135432 -30.000000 0.663433 0.276665 -1
0 -10.055113 9.730803 -30.000000 0.660554 0.276665 -1
0 -32.245163 9.730803 -30.000000 0.666230 0.247145 -1
0 -32.245163 9.135432 -30.000000 0.666230 0.248556 -1
0 -32.245163 9.135432 -30.500000 0.668647 0.248556 -1
0 -32.245163 9.730803 -30.500000 0.668647 0.247145 -1
0 -32.245163 9.730803 -30.500000 0.660554 0.329233 -1
0 -32.245163 9.135432 -30.500000 0.663433 0.329233 -1
0 -32.245163 9.135432 -30.000000 0.663433 0.329233 -1
0 -32.245163 9.730803 -30.000000 0.660554 0.329233 -1
0 -12.504937 9.730803 -30.500000 0.994188 0.310372 -1
0 -12.504937 9.730803 -30.000000 0.991771 0.310372 -1
0 -32.245163 9.730803 -30.000000 0.991771 0.357136 -1
0 -32.245163 9.730803 -30.500000 0.994188 0.357136 -1
0 -77.514816 5.761661 -30.000000 0.666230 0.256548 -1
0 -77.514816 -37.514812 -30.000002 0.666230 0.359070 -1
0 -77.514816 -37.514812 -30.500002 0.668647 0.359070 -1
0 -77.514816 5.761661 -30.500000 0.668647 0.256548 -1
0 -77.514816 37.514812 -29.999998 0.666230 0.181325 -1
0 -77.514816 21.638237 -30.000000 0.666230 0.218937 -1
0 -77.514816 21.638237 -30.500000 0.668647 0.218937 -1
0 -77.514816 37.514812 -30.499998 0.668647 0.181325 -1
0 -77.514816 9.135432 -30.000000 0.666230 0.248556 -1
0 -77.514816 9.135432 -30.500000 0.668647 0.248556 -1
0 -77.514816 9.730803 -30.000000 0.666230 0.247145 -1
0 -77.514816 9.730803 -30.500000 0.668647 0.247145 -1
0 -77.514816 5.761661 -30.500000 0.679742 0.436476 -1
0 -77.514816 21.638237 -30.000000 0.602991 0.436476 -1
0 -77.514816 37.514812 -29.999998 0.526240 0.436476 -1
0 -77.514816 -37.514812 -30.500002 0.668647 0.436476 -1
0 -77.514816 -37.514812 -30.000002 0.666230 0.436476 -1
0 -77.514816 -37.514812 -30.000002 0.888950 0.436476 -1
0 -77.514816 37.514812 -30.499998 0.526240 0.436476 -1
0 -77.514816 -37.514812 -30.500002 0.888950 0.436476 -1
0 77.514816 21.638235 -30.000000 0.666230 0.218937 -1
0 77.514816 37.514812 -29.999998 0.666230 0.181325 -1
0 77.514816 37.514812 -30.499998 0.668647 0.181325 -1
0 77.514816 21.638235 -30.500000 0.668647 0.218937 -1
0 77.514816 -37.514812 -30.000002 0.666230 0.359070 -1
0 77.514816 5.761661 -30.000000 0.666230 0.256548 -1
0 77.514816 5.761661 -30.500000 0.668647 0.256548 -1
0 77.514816 -37.514812 -30.500002 0.668647 0.359070 -1
0 77.514816 9.730803 -30.000000 0.666230 0.247145 -1
0 77.514816 9.730803 -30.500000 0.668647 0.247145 -1
0 77.514816 9.135432 -30.000000 0.666230 0.248556 -1
0 77.514816 9.135432 -30.500000 0.668647 0.248556 -1
0 77.514816 -37.514812 -30.000002 0.888950 0.069212 -1
0 77.514816 21.638235 -30.500000 0.602991 0.069212 -1
0 77.514816 37.514812 -30.499998 0.526240 0.069212 -1
0 77.514816 9.730803 -30.000000 0.660554 0.069212 -1
0 77.514816 5.761661 -30.500000 0.679742 0.069212 -1
0 77.514816 -37.514812 -30.500002 0.888950 0.069212 -1
6
0.000000 1.000000 0.000000
0.000000 -1.000000 -0.000000
0.000000 0.000000 -1.000000
0.000000 0.000000 1.000000
-1.000000 0.000000 0.000000
1.000000 0.000000 0.000000
300
0 0 1 2 0 0 0 1
0 0 2 3 0 0 0 1
0 4 5 6 1 1 1 1
0 4 6 7 1 1 1 1
0 2 1 7 2 2 2 1
0 2 7 6 2 2 2 1
0 0 3 5 3 3 3 1
0 0 5 4 3 3 3 1
0 3 2 6 4 4 4 1
0 3 6 5 4 4 4 1
0 1 0 4 5 5 5 1
0 1 4 7 5 5 5 1
0 8 9 10 2 2 2 1
0 8 10 11 2 2 2 1
0 12 13 14 2 2 2 1
0 12 14 15 2 2 2 1
0 16 17 18 2 2 2 1
0 16 18 19 2 2 2 1
0 19 18 9 2 2 2 1
0 19 9 8 2 2 2 1
0 20 21 13 2 2 2 1
0 20 13 12 2 2 2 1
0 15 14 22 2 2 2 1
0 15 22 23 2 2 2 1
0 23 22 17 2 2 2 1
0 23 17 16 2 2 2 1
0 24 25 26 2 2 2 1
0 24 26 27 2 2 2 1
0 28 29 25 2 2 2 1
0 28 25 24 2 2 2 1
0 30 31 32 2 2 2 1
0 30 32 33 2 2 2 1
0 34 35 36 2 2 2 1
0 34 36 37 2 2 2 1
0 27 26 35 2 2 2 1
0 27 35 34 2 2 2 1
0 33 32 29 2 2 2 1
0 33 29 28 2 2 2 1
0 37 36 38 2 2 2 1
0 37 38 39 2 2 2 1
0 40 15 23 2 2 2 1
0 40 23 41 2 2 2 1
0 42 20 12 2 2 2 1
0 42 12 43 2 2 2 1
0 44 16 19 2 2 2 1
0 44 19 45 2 2 2 1
0 46 8 11 2 2 2 1
0 46 11 47 2 2 2 1
0 48 49 50 3 3 3 1
0 48 50 51 3 3 3 1
0 52 53 54 3 3 3 1
0 52 54 55 3 3 3 1
0 56 57 58 3 3 3 1
0 56 58 59 3 3 3 1
0 57 48 51 3 3 3 1
0 57 51 58 3 3 3 1
0 60 52 55 3 3 3 1
0 60 55 61 3 3 3 1
0 53 62 63 3 3 3 1
0 53 63 54 3 3 3 1
0 62 56 59 3 3 3 1
0 62 59 63 3 3 3 1
0 64 65 66 3 3 3 1
0 64 66 67 3 3 3 1
0 68 64 67 3 3 3 1
0 68 67 69 3 3 3 1
0 70 71 72 3 3 3 1
0 70 72 73 3 3 3 1
0 74 75 76 3 3 3 1
0 74 76 77 3 3 3 1
0 65 74 77 3 3 3 1
0 65 77 66 3 3 3 1
0 71 68 69 3 3 3 1
0 71 69 72 3 3 3 1
0 75 78 79 3 3 3 1
0 75 79 76 3 3 3 1
0 80 81 62 3 3 3 1
0 80 62 53 3 3 3 1
0 82 83 52 3 3 3 1
0 82 52 60 3 3 3 1
0 84 85 57 3 3 3 1
0 84 57 56 3 3 3 1
0 86 87 49 3 3 3 1
0 86 49 48 3 3 3 1
0 88 89 90 5 5 5 1
0 88 90 91 5 5 5 1
0 92 93 94 4 4 4 1
0 92 94 95 4 4 4 1
0 96 97 98 1 1 1 1
0 96 98 99 1 1 1 1
0 100 101 102 5 5 5 1
0 100 102 103 5 5 5 1
0 104 82 105 3 3 3 1
0 104 105 106 3 3 3 1
0 107 108 109 0 0 0 1
0 107 109 110 0 0 0 1
0 111 112 113 4 4 4 1
0 111 113 114 4 4 4 1
0 115 116 117 0 0 0 1
0 115 117 118 0 0 0 1
0 119 120 121 4 4 4 1
0 119 121 122 4 4 4 1
0 87 123 124 3 3 3 1
0 87 124 125 3 3 3 1
0 126 127 128 0 0 0 1
0 126 128 129 0 0 0 1
0 130 131 132 5 5 5 1
0 130 132 133 5 5 5 1
0 97 134 135 1 1 1 1
0 97 135 98 1 1 1 1
0 136 137 138 1 1 1 1
0 136 138 139 1 1 1 1
0 140 141 142 1 1 1 1
0 140 142 143 1 1 1 1
0 82 60 144 3 3 3 1
0 82 144 105 3 3 3 1
0 108 126 129 0 0 0 1
0 108 129 109 0 0 0 1
0 145 146 147 0 0 0 1
0 145 147 148 0 0 0 1
0 149 150 151 0 0 0 1
0 149 151 152 0 0 0 1
0 127 149 152 0 0 0 1
0 127 152 128 0 0 0 1
0 153 154 155 1 1 1 1
0 153 155 156 1 1 1 1
0 157 158 159 1 1 1 1
0 157 159 160 1 1 1 1
0 154 140 143 1 1 1 1
0 154 143 155 1 1 1 1
0 141 96 99 1 1 1 1
0 141 99 142 1 1 1 1
0 161 162 163 0 0 0 1
0 161 163 164 0 0 0 1
0 165 166 167 1 1 1 1
0 165 167 168 1 1 1 1
0 169 31 170 2 2 2 1
0 169 170 171 2 2 2 1
0 11 10 172 2 2 2 1
0 11 172 173 2 2 2 1
0 174 175 176 0 0 0 1
0 174 176 177 0 0 0 1
0 150 115 118 0 0 0 1
0 150 118 151 0 0 0 1
0 178 179 180 1 1 1 1
0 178 180 181 1 1 1 1
0 178 153 156 1 1 1 1
0 178 156 179 1 1 1 1
0 42 169 171 2 2 2 1
0 42 171 182 2 2 2 1
0 183 184 185 4 4 4 1
0 183 185 186 4 4 4 1
0 104 187 83 3 3 3 1
0 104 83 82 3 3 3 1
0 169 42 43 2 2 2 1
0 169 43 188 2 2 2 1
0 189 190 191 4 4 4 1
0 189 191 192 4 4 4 1
0 193 194 195 5 5 5 1
0 193 195 196 5 5 5 1
0 197 198 81 3 3 3 1
0 197 81 80 3 3 3 1
0 199 40 41 2 2 2 1
0 199 41 200 2 2 2 1
0 201 202 203 5 5 5 1
0 201 203 204 5 5 5 1
0 85 205 205 3 3 3 1
0 85 205 85 3 3 3 1
0 206 205 85 3 3 3 1
0 206 85 84 3 3 3 1
0 207 44 45 2 2 2 1
0 207 45 208 2 2 2 1
0 38 209 210 2 2 2 1
0 38 210 211 2 2 2 1
0 212 213 214 5 5 5 1
0 212 214 215 5 5 5 1
0 216 123 87 3 3 3 1
0 216 87 86 3 3 3 1
0 217 46 47 2 2 2 1
0 217 47 209 2 2 2 1
0 31 169 188 2 2 2 1
0 31 188 32 2 2 2 1
0 73 72 187 3 3 3 1
0 73 187 104 3 3 3 1
0 218 219 220 4 4 4 1
0 218 220 221 4 4 4 1
0 135 134 222 1 1 1 1
0 135 222 223 1 1 1 1
0 29 199 200 2 2 2 1
0 29 200 25 2 2 2 1
0 69 67 198 3 3 3 1
0 69 198 197 3 3 3 1
0 224 225 226 4 4 4 1
0 224 226 227 4 4 4 1
0 228 229 230 0 0 0 1
0 228 230 231 0 0 0 1
0 26 207 208 2 2 2 1
0 26 208 35 2 2 2 1
0 66 77 205 3 3 3 1
0 66 205 206 3 3 3 1
0 232 233 234 4 4 4 1
0 232 234 235 4 4 4 1
0 236 237 238 0 0 0 1
0 236 238 239 0 0 0 1
0 36 217 209 2 2 2 1
0 36 209 38 2 2 2 1
0 76 79 123 3 3 3 1
0 76 123 216 3 3 3 1
0 117 116 240 0 0 0 1
0 117 240 241 0 0 0 1
0 86 46 46 3 3 3 1
0 86 46 86 3 3 3 1
0 242 243 244 1 1 1 1
0 242 244 245 1 1 1 1
0 246 247 248 5 5 5 1
0 246 248 249 5 5 5 1
0 216 86 86 3 3 3 1
0 216 86 216 3 3 3 1
0 208 45 45 3 3 3 1
0 208 45 208 3 3 3 1
0 46 217 217 3 3 3 1
0 46 217 46 3 3 3 1
0 205 208 208 3 3 3 1
0 205 208 205 3 3 3 1
0 45 85 85 3 3 3 1
0 45 85 45 3 3 3 1
0 217 216 216 3 3 3 1
0 217 216 217 3 3 3 1
0 250 251 252 4 4 4 1
0 250 252 253 4 4 4 1
0 208 45 254 2 2 2 1
0 208 254 255 2 2 2 1
0 85 205 256 3 3 3 1
0 85 256 257 3 3 3 1
0 258 259 260 0 0 0 1
0 258 260 261 0 0 0 1
0 262 263 264 5 5 5 1
0 262 264 265 5 5 5 1
0 266 267 268 1 1 1 1
0 266 268 269 1 1 1 1
0 206 84 270 3 3 3 1
0 206 270 271 3 3 3 1
0 44 207 272 2 2 2 1
0 44 272 273 2 2 2 1
0 274 275 276 5 5 5 1
0 274 276 277 5 5 5 1
0 197 80 278 3 3 3 1
0 197 278 279 3 3 3 1
0 40 199 280 2 2 2 1
0 40 280 281 2 2 2 1
0 282 283 284 1 1 1 1
0 282 284 285 1 1 1 1
0 286 287 288 5 5 5 1
0 286 288 289 5 5 5 1
0 290 291 292 5 5 5 1
0 290 292 293 5 5 5 1
0 294 286 289 5 5 5 1
0 294 289 295 5 5 5 1
0 291 296 297 5 5 5 1
0 291 297 292 5 5 5 1
0 296 294 295 5 5 5 1
0 296 295 297 5 5 5 1
0 73 104 106 3 3 3 1
0 73 106 298 3 3 3 1
0 21 20 299 2 2 2 1
0 21 299 300 2 2 2 1
0 107 110 301 0 0 0 1
0 107 301 302 0 0 0 1
0 31 30 303 2 2 2 1
0 31 303 170 2 2 2 1
0 20 42 182 2 2 2 1
0 20 182 299 2 2 2 1
0 60 61 304 3 3 3 1
0 60 304 144 3 3 3 1
0 70 73 298 3 3 3 1
0 70 298 305 3 3 3 1
0 306 307 308 4 4 4 1
0 306 308 309 4 4 4 1
0 310 311 312 4 4 4 1
0 310 312 313 4 4 4 1
0 314 306 309 4 4 4 1
0 314 309 315 4 4 4 1
0 316 314 315 4 4 4 1
0 316 315 317 4 4 4 1
0 311 316 317 4 4 4 1
0 311 317 312 4 4 4 1
0 39 38 211 2 2 2 1
0 39 211 318 2 2 2 1
0 50 49 319 3 3 3 1
0 50 319 320 3 3 3 1
0 47 11 173 2 2 2 1
0 47 173 321 2 2 2 1
0 123 79 322 3 3 3 1
0 123 322 124 3 3 3 1
0 209 47 321 2 2 2 1
0 209 321 210 2 2 2 1
0 79 78 323 3 3 3 1
0 79 323 322 3 3 3 1
0 49 87 125 3 3 3 1
0 49 125 319 3 3 3 1
"light" 0 1
48
0 -23.000000 -9.000000 -29.000000 0.490000 0.323333 -1
0 -23.000000 3.000000 -29.000000 0.343333 0.323333 -1
0 -23.000000 3.000000 -30.000000 0.343333 0.176667 -1
0 -23.000000 -9.000000 -30.000000 0.490000 0.176667 -1
0 -23.000000 -9.000000 -30.000000 0.323333 0.156667 -1
0 -23.000000 3.000000 -30.000000 0.176667 0.156667 -1
0 23.000000 3.000000 -30.000000 0.176667 0.010000 -1
0 23.000000 -9.000000 -30.000000 0.323333 0.010000 -1
0 23.000000 -9.000000 -30.000000 0.413327 0.327271 -1
0 23.000000 3.000000 -30.000000 0.266660 0.327271 -1
0 23.000000 3.000000 -29.000000 0.266660 0.180604 -1
0 23.000000 -9.000000 -29.000000 0.413327 0.180604 -1
0 23.000000 -9.000000 -29.000000 0.990000 0.990000 -1
0 23.000000 3.000000 -29.000000 0.843333 0.990000 -1
0 -23.000000 3.000000 -29.000000 0.843333 0.843333 -1
0 -23.000000 -9.000000 -29.000000 0.990000 0.843333 -1
0 -23.000000 -9.000000 -30.000000 0.656667 0.323333 -1
0 23.000000 -9.000000 -30.000000 0.510000 0.323333 -1
0 23.000000 -9.000000 -29.000000 0.510000 0.176667 -1
0 -23.000000 -9.000000 -29.000000 0.656667 0.176667 -1
0 23.000000 3.000000 -30.000000 0.172251 0.772136 -1
0 -23.000000 3.000000 -30.000000 0.025584 0.772136 -1
0 -23.000000 3.000000 -29.000000 0.025584 0.625469 -1
0 23.000000 3.000000 -29.000000 0.172251 0.625469 -1
0 -23.000000 -21.000000 -14.000000 0.967460 0.633261 -1
0 -23.000000 -9.000000 -14.000000 0.967460 0.946595 -1
0 -23.000000 -9.000000 -30.250051 0.820794 0.946595 -1
0 -23.000000 -21.000000 -30.250051 0.820794 0.633261 -1
0 -23.000000 -21.000000 -30.250051 0.010000 0.510000 -1
0 -23.000000 -9.000000 -30.250051 0.323333 0.510000 -1
0 23.000000 -9.000000 -30.250051 0.323333 0.656667 -1
0 23.000000 -21.000000 -30.250051 0.010000 0.656667 -1
0 23.000000 -21.000000 -30.250051 0.952713 0.676667 -1
0 23.000000 -9.000000 -30.250051 0.952713 0.990000 -1
0 23.000000 -9.000000 -14.000000 0.806046 0.990000 -1
0 23.000000 -21.000000 -14.000000 0.806046 0.676667 -1
0 23.000000 -21.000000 -14.000000 0.652484 0.490000 -1
0 23.000000 -9.000000 -14.000000 0.347516 0.490000 -1
0 -23.000000 -9.000000 -14.000000 0.347516 0.343333 -1
0 -23.000000 -21.000000 -14.000000 0.652484 0.343333 -1
0 -23.000000 -21.000000 -30.250051 0.990000 0.656667 -1
0 23.000000 -21.000000 -30.250051 0.843333 0.656667 -1
0 23.000000 -21.000000 -14.000000 0.843333 0.510000 -1
0 -23.000000 -21.000000 -14.000000 0.990000 0.510000 -1
0 23.000000 -9.000000 -30.250051 0.211802 0.784537 -1
0 -23.000000 -9.000000 -30.250051 0.065135 0.784537 -1
0 -23.000000 -9.000000 -14.000000 0.065135 0.637871 -1
0 23.000000 -9.000000 -14.000000 0.211802 0.637871 -1
6
-1.000000 0.000000 0.000000
0.000000 0.000000 -1.000000
1.000000 0.000000 0.000000
0.000000 0.000000 1.000000
0.000000 -1.000000 0.000000
0.000000 1.000000 0.000000
24
0 0 1 2 0 0 0 1
0 0 2 3 0 0 0 1
0 4 5 6 1 1 1 1
0 4 6 7 1 1 1 1
0 8 9 10 2 2 2 1
0 8 10 11 2 2 2 1
0 12 13 14 3 3 3 1
0 12 14 15 3 3 3 1
0 16 17 18 4 4 4 1
0 16 18 19 4 4 4 1
0 20 21 22 5 5 5 1
0 20 22 23 5 5 5 1
0 24 25 26 0 0 0 1
0 24 26 27 0 0 0 1
0 28 29 30 1 1 1 1
0 28 30 31 1 1 1 1
0 32 33 34 2 2 2 1
0 32 34 35 2 2 2 1
0 36 37 38 3 3 3 1
0 36 38 39 3 3 3 1
0 40 41 42 4 4 4 1
0 40 42 43 4 4 4 1
0 44 45 46 5 5 5 1
0 44 46 47 5 5 5 1
"dark" 0 0
318
0 -30.940052 21.638235 31.000010 0.576923 0.160492 -1
0 -30.940052 37.514812 31.000008 0.490144 0.160492 -1
0 -37.514812 37.514812 31.000011 0.490144 0.143503 -1
0 -37.514812 21.638235 31.000011 0.576923 0.143503 -1
0 31.584635 21.638235 30.999989 0.576923 0.322059 -1
0 31.584635 37.514812 30.999989 0.490144 0.322059 -1
0 12.504937 37.514812 30.999994 0.490144 0.272756 -1
0 12.504937 21.638235 30.999994 0.576923 0.272756 -1
0 -9.965380 21.638235 31.000002 0.576923 0.214692 -1
0 -9.965380 37.514812 31.000002 0.490144 0.214692 -1
0 -12.504937 37.514812 31.000002 0.490144 0.208129 -1
0 -12.504937 21.638235 31.000004 0.576923 0.208129 -1
0 37.514812 21.638237 30.999987 0.576923 0.337383 -1
0 37.514812 37.514812 30.999987 0.490144 0.337383 -1
0 9.968236 37.514812 30.999994 0.490144 0.266201 -1
0 9.968236 21.638235 30.999996 0.576923 0.266201 -1
0 9.968236 -37.514812 30.999998 0.900243 0.266201 -1
0 9.968236 5.761661 30.999996 0.663701 0.266201 -1
0 -9.965380 5.761661 31.000004 0.663701 0.214692 -1
0 -9.965380 -37.514812 31.000006 0.900243 0.214692 -1
0 12.504937 -37.514812 30.999998 0.900243 0.272756 -1
0 12.504937 5.761661 30.999996 0.663701 0.272756 -1
0 37.514812 -37.514812 30.999989 0.900243 0.337383 -1
0 37.514812 5.761661 30.999987 0.663701 0.337383 -1
0 31.584635 5.761661 30.999989 0.663701 0.322059 -1
0 31.584635 -37.514812 30.999990 0.900243 0.322059 -1
0 -12.504937 -37.514812 31.000006 0.900243 0.208129 -1
0 -12.504937 5.761661 31.000004 0.663701 0.208129 -1
0 -30.940052 5.761661 31.000010 0.663701 0.160492 -1
0 -30.940052 -37.514812 31.000011 0.900243 0.160492 -1
0 -37.514812 5.761661 31.000011 0.663701 0.143503 -1
0 -37.514812 -37.514812 31.000013 0.900243 0.143503 -1
0 12.504937 9.730803 30.999996 0.642007 0.272756 -1
0 9.968236 9.730803 30.999996 0.642007 0.266201 -1
0 37.514812 9.730803 30.999987 0.642007 0.337383 -1
0 31.584635 9.730803 30.999989 0.642007 0.322059 -1
0 -9.965380 9.730803 31.000002 0.642007 0.214692 -1
0 -12.504937 9.730803 31.000004 0.642007 0.208129 -1
0 -30.940052 9.730803 31.000010 0.642007 0.160492 -1
0 -37.514812 9.730803 31.000011 0.642007 0.143503 -1
0 -30.940052 21.638235 31.500010 0.576923 0.160492 -1
0 -37.514812 21.638235 31.500011 0.576923 0.143503 -1
0 -37.514812 37.514812 31.500011 0.490144 0.143503 -1
0 -30.940052 37.514812 31.500008 0.490144 0.160492 -1
0 31.584635 21.638235 31.499989 0.576923 0.322059 -1
0 12.504937 21.638235 31.499994 0.576923 0.272756 -1
0 12.504937 37.514812 31.499994 0.490144 0.272756 -1
0 31.584635 37.514812 31.499989 0.490144 0.322059 -1
0 -9.965380 21.638235 31.500002 0.576923 0.214692 -1
0 -12.504937 21.638235 31.500004 0.576923 0.208129 -1
0 -12.504937 37.514812 31.500002 0.490144 0.208129 -1
0 -9.965380 37.514812 31.500002 0.490144 0.214692 -1
0 37.514812 21.638237 31.499987 0.576923 0.337383 -1
0 37.514812 37.514812 31.499987 0.490144 0.337383 -1
0 9.968236 21.638235 31.499996 0.576923 0.266201 -1
0 9.968236 37.514812 31.499994 0.490144 0.266201 -1
0 9.968236 -37.514812 31.499998 0.900243 0.266201 -1
0 -9.965380 -37.514812 31.500006 0.900243 0.214692 -1
0 -9.965380 5.761661 31.500004 0.663701 0.214692 -1
0 9.968236 5.761661 31.499996 0.663701 0.266201 -1
0 12.504937 -37.514812 31.499998 0.900243 0.272756 -1
0 12.504937 5.761661 31.499996 0.663701 0.272756 -1
0 37.514812 -37.514812 31.499989 0.900243 0.337383 -1
0 31.584635 -37.514812 31.499990 0.900243 0.322059 -1
0 31.584635 5.761661 31.499989 0.663701 0.322059 -1
0 37.514812 5.761661 31.499987 0.663701 0.337383 -1
0 -12.504937 -37.514812 31.500006 0.900243 0.208129 -1
0 -30.940052 -37.514812 31.500011 0.900243 0.160492 -1
0 -30.940052 5.761661 31.500010 0.663701 0.160492 -1
0 -12.504937 5.761661 31.500004 0.663701 0.208129 -1
0 -37.514812 -37.514812 31.500013 0.900243 0.143503 -1
0 -37.514812 5.761661 31.500011 0.663701 0.143503 -1
0 12.504937 9.730803 31.499996 0.642007 0.272756 -1
0 9.968236 9.730803 31.499996 0.642007 0.266201 -1
0 37.514812 9.730803 31.499987 0.642007 0.337383 -1
0 31.584635 9.730803 31.499989 0.642007 0.322059 -1
0 -9.965380 9.730803 31.500002 0.642007 0.214692 -1
0 -12.504937 9.730803 31.500004 0.642007 0.208129 -1
0 -30.940052 9.730803 31.500010 0.642007 0.160492 -1
0 -37.514812 9.730803 31.500011 0.642007 0.143503 -1
0 12.504937 9.135432 30.999996 0.983266 0.282271 -1
0 12.504937 5.761661 30.999996 0.983266 0.290989 -1
0 12.504937 5.761661 31.499996 0.985999 0.290989 -1
0 12.504937 9.135432 31.499996 0.985999 0.282271 -1
0 -12.504937 9.730803 31.000004 0.989467 0.268331 -1
0 -12.504937 21.638235 31.000004 0.989467 0.237561 -1
0 -12.504937 21.638235 31.500004 0.992200 0.237561 -1
0 -12.504937 9.730803 31.500004 0.992200 0.268331 -1
0 12.504937 37.514812 30.999994 0.648423 0.272756 -1
0 31.584635 37.514812 30.999989 0.648423 0.322059 -1
0 31.584635 37.514812 31.499989 0.651156 0.322059 -1
0 12.504937 37.514812 31.499994 0.651156 0.272756 -1
0 -30.940052 9.135432 31.000010 0.989467 0.269869 -1
0 -30.940052 5.761661 31.000010 0.989467 0.278587 -1
0 -30.940052 5.761661 31.500010 0.992200 0.278587 -1
0 -30.940052 9.135432 31.500010 0.992200 0.269869 -1
0 37.514812 9.135432 31.499987 0.645261 0.337383 -1
0 77.514816 9.730803 31.499975 0.642007 0.440745 -1
0 77.514816 9.135432 31.499975 0.645261 0.440745 -1
0 37.514812 -37.514812 30.999989 0.648423 0.337383 -1
0 31.584635 -37.514812 30.999990 0.648423 0.322059 -1
0 31.584635 -37.514812 31.499990 0.651156 0.322059 -1
0 37.514812 -37.514812 31.499989 0.651156 0.337383 -1
0 31.584635 9.730803 30.999989 0.983266 0.280732 -1
0 31.584635 21.638235 30.999989 0.983266 0.249963 -1
0 31.584635 21.638235 31.499989 0.985999 0.249963 -1
0 31.584635 9.730803 31.499989 0.985999 0.280732 -1
0 -30.940052 -37.514812 31.000011 0.648423 0.160492 -1
0 -37.514812 -37.514812 31.000013 0.648423 0.143503 -1
0 -37.514812 -37.514812 31.500013 0.651156 0.143503 -1
0 -30.940052 -37.514812 31.500011 0.651156 0.160492 -1
0 9.968236 9.730803 30.999996 0.989467 0.280732 -1
0 9.968236 21.638235 30.999996 0.989467 0.249963 -1
0 9.968236 21.638235 31.499996 0.992200 0.249963 -1
0 9.968236 9.730803 31.499996 0.992200 0.280732 -1
0 -37.514812 9.135432 31.500011 0.645261 0.143503 -1
0 -77.514816 9.135432 31.500025 0.645261 0.040141 -1
0 -77.514816 9.730803 31.500025 0.642007 0.040141 -1
0 12.504937 -37.514812 30.999998 0.648423 0.272756 -1
0 9.968236 -37.514812 30.999998 0.648423 0.266201 -1
0 9.968236 -37.514812 31.499998 0.651156 0.266201 -1
0 12.504937 -37.514812 31.499998 0.651156 0.272756 -1
0 -9.965380 9.135432 31.000002 0.989467 0.282271 -1
0 -9.965380 5.761661 31.000004 0.989467 0.290989 -1
0 -9.965380 5.761661 31.500004 0.992200 0.290989 -1
0 -9.965380 9.135432 31.500004 0.992200 0.282271 -1
0 37.514812 37.514812 30.999987 0.648423 0.337383 -1
0 37.514812 37.514812 31.499987 0.651156 0.337383 -1
0 -9.965380 5.761661 31.000004 0.989467 0.261198 -1
0 9.968236 5.761661 30.999996 0.989467 0.312707 -1
0 9.968236 5.761661 31.499996 0.992200 0.312707 -1
0 -9.965380 5.761661 31.500004 0.992200 0.261198 -1
0 -9.965380 37.514812 31.000002 0.648423 0.214692 -1
0 9.968236 37.514812 30.999994 0.648423 0.266201 -1
0 9.968236 37.514812 31.499994 0.651156 0.266201 -1
0 -9.965380 37.514812 31.500002 0.651156 0.214692 -1
0 77.514816 21.638237 31.499973 0.576923 0.440745 -1
0 9.968236 21.638235 30.999996 0.989467 0.312707 -1
0 -9.965380 21.638235 31.000002 0.989467 0.261198 -1
0 -9.965380 21.638235 31.500002 0.992200 0.261198 -1
0 9.968236 21.638235 31.499996 0.992200 0.312707 -1
0 -9.965380 -37.514812 31.000006 0.648423 0.214692 -1
0 -12.504937 -37.514812 31.000006 0.648423 0.208129 -1
0 -12.504937 -37.514812 31.500006 0.651156 0.208129 -1
0 -9.965380 -37.514812 31.500006 0.651156 0.214692 -1
0 -30.940052 37.514812 31.000008 0.648423 0.160492 -1
0 -12.504937 37.514812 31.000002 0.648423 0.208129 -1
0 -12.504937 37.514812 31.500002 0.651156 0.208129 -1
0 -30.940052 37.514812 31.500008 0.651156 0.160492 -1
0 -30.940052 5.761661 31.000010 0.989467 0.194596 -1
0 -12.504937 5.761661 31.000004 0.989467 0.242234 -1
0 -12.504937 5.761661 31.500004 0.992200 0.242234 -1
0 -30.940052 5.761661 31.500010 0.992200 0.194596 -1
0 -12.504937 21.638235 31.000004 0.989467 0.242234 -1
0 -30.940052 21.638235 31.000010 0.989467 0.194596 -1
0 -30.940052 21.638235 31.500010 0.992200 0.194596 -1
0 -12.504937 21.638235 31.500004 0.992200 0.242234 -1
0 12.504937 5.761661 30.999996 0.983266 0.319262 -1
0 31.584635 5.761661 30.999989 0.983266 0.368565 -1
0 31.584635 5.761661 31.499989 0.985999 0.368565 -1
0 12.504937 5.761661 31.499996 0.985999 0.319262 -1
0 37.514812 9.135432 30.999987 0.645261 0.337383 -1
0 77.514816 5.761661 30.999975 0.663701 0.440745 -1
0 77.514816 9.135432 30.999975 0.645261 0.440745 -1
0 -77.514816 37.514812 31.000023 0.490144 0.040141 -1
0 -77.514816 21.638235 31.000025 0.576923 0.040141 -1
0 31.584635 21.638235 30.999989 0.983266 0.368565 -1
0 12.504937 21.638235 30.999994 0.983266 0.319262 -1
0 12.504937 21.638235 31.499994 0.985999 0.319262 -1
0 31.584635 21.638235 31.499989 0.985999 0.368565 -1
0 -37.514812 37.514812 31.000011 0.648423 0.143503 -1
0 -37.514812 37.514812 31.500011 0.651156 0.143503 -1
0 -77.514816 37.514812 31.500023 0.651156 0.040141 -1
0 -77.514816 37.514812 31.000023 0.648423 0.040141 -1
0 77.514816 9.730803 30.999975 0.642007 0.440745 -1
0 31.584635 9.135432 30.999989 0.648423 0.235765 -1
0 31.584635 9.730803 30.999989 0.648423 0.234226 -1
0 31.584635 9.730803 31.499989 0.651156 0.234226 -1
0 31.584635 9.135432 31.499989 0.651156 0.235765 -1
0 31.584635 9.135432 31.499989 0.645261 0.322059 -1
0 31.584635 9.135432 30.999989 0.645261 0.322059 -1
0 9.968236 9.135432 30.999996 0.648423 0.235765 -1
0 9.968236 9.730803 30.999996 0.648423 0.234226 -1
0 9.968236 9.730803 31.499996 0.651156 0.234226 -1
0 9.968236 9.135432 31.499996 0.651156 0.235765 -1
0 12.504937 21.638235 30.999994 0.983266 0.249963 -1
0 12.504937 9.730803 30.999996 0.983266 0.280732 -1
0 12.504937 9.730803 31.499996 0.985999 0.280732 -1
0 12.504937 21.638235 31.499994 0.985999 0.249963 -1
0 12.504937 9.135432 31.499996 0.645261 0.272756 -1
0 9.968236 9.135432 31.499996 0.645261 0.266201 -1
0 12.504937 9.135432 30.999996 0.645261 0.272756 -1
0 9.968236 9.135432 30.999996 0.645261 0.266201 -1
0 -9.965380 21.638235 31.000002 0.989467 0.249963 -1
0 -9.965380 9.730803 31.000002 0.989467 0.280732 -1
0 -9.965380 9.730803 31.500002 0.992200 0.280732 -1
0 -9.965380 21.638235 31.500002 0.992200 0.249963 -1
0 -12.504937 9.135432 31.500004 0.645261 0.208129 -1
0 -9.965380 9.135432 31.500004 0.645261 0.214692 -1
0 -9.965380 9.135432 31.000002 0.645261 0.214692 -1
0 -12.504937 9.135432 31.000004 0.645261 0.208129 -1
0 -37.514812 9.135432 31.000011 0.645261 0.143503 -1
0 -77.514816 9.135432 31.000025 0.645261 0.040141 -1
0 -77.514816 5.761661 31.000025 0.663701 0.040141 -1
0 -30.940052 21.638235 31.000010 0.989467 0.237561 -1
0 -30.940052 9.730803 31.000010 0.989467 0.268331 -1
0 -30.940052 9.730803 31.500010 0.992200 0.268331 -1
0 -30.940052 21.638235 31.500010 0.992200 0.237561 -1
0 -30.940052 9.135432 31.500010 0.645261 0.160492 -1
0 -30.940052 9.135432 31.000010 0.645261 0.160492 -1
0 31.584635 5.761661 30.999989 0.983266 0.290989 -1
0 31.584635 9.135432 30.999989 0.983266 0.282271 -1
0 31.584635 9.135432 31.499989 0.985999 0.282271 -1
0 31.584635 5.761661 31.499989 0.985999 0.290989 -1
0 77.514816 37.514812 30.999973 0.648423 0.440745 -1
0 77.514816 37.514812 31.499973 0.651156 0.440745 -1
0 9.968236 5.761661 30.999996 0.989467 0.290989 -1
0 9.968236 9.135432 30.999996 0.989467 0.282271 -1
0 9.968236 9.135432 31.499996 0.992200 0.282271 -1
0 9.968236 5.761661 31.499996 0.992200 0.290989 -1
0 12.504937 9.135432 30.999996 0.983266 0.319262 -1
0 12.504937 9.135432 31.499996 0.985999 0.319262 -1
0 32.245163 9.135432 31.499989 0.985999 0.370272 -1
0 32.245163 9.135432 30.999989 0.983266 0.370272 -1
0 -12.504937 5.761661 31.000004 0.989467 0.278587 -1
0 -12.504937 9.135432 31.000004 0.989467 0.269869 -1
0 -12.504937 9.135432 31.500004 0.992200 0.269869 -1
0 -12.504937 5.761661 31.500004 0.992200 0.278587 -1
0 -9.965380 9.135432 31.000002 0.989467 0.261198 -1
0 -9.965380 9.135432 31.500004 0.992200 0.261198 -1
0 10.055113 9.135432 31.499996 0.992200 0.312931 -1
0 10.055113 9.135432 30.999996 0.989467 0.312931 -1
0 -77.514816 -37.514812 31.000027 0.648423 0.040141 -1
0 -77.514816 -37.514812 31.500027 0.651156 0.040141 -1
0 -12.504937 9.730803 31.000004 0.989467 0.242234 -1
0 -12.504937 9.730803 31.500004 0.992200 0.242234 -1
0 -30.976032 9.730803 31.500010 0.992200 0.194503 -1
0 -30.976032 9.730803 31.000010 0.989467 0.194503 -1
0 -30.940052 9.730803 31.000010 0.648423 0.234226 -1
0 -30.940052 9.135432 31.000010 0.648423 0.235765 -1
0 -30.940052 9.135432 31.500010 0.651156 0.235765 -1
0 -30.940052 9.730803 31.500010 0.651156 0.234226 -1
0 -12.504937 9.135432 31.500004 0.986304 0.242234 -1
0 -12.504937 9.135432 31.000004 0.986304 0.242234 -1
0 -30.976032 9.135432 31.000010 0.648423 0.235765 -1
0 -30.976032 9.730803 31.000010 0.648423 0.234226 -1
0 -30.976032 9.730803 31.500010 0.651156 0.234226 -1
0 -30.976032 9.135432 31.500010 0.651156 0.235765 -1
0 -30.976032 9.730803 31.000010 0.642007 0.160399 -1
0 -30.976032 9.135432 31.000010 0.645261 0.160399 -1
0 -30.976032 9.135432 31.500010 0.645261 0.160399 -1
0 -30.976032 9.730803 31.500010 0.642007 0.160399 -1
0 -12.504937 9.135432 31.500004 0.992200 0.242234 -1
0 -12.504937 9.135432 31.000004 0.989467 0.242234 -1
0 -30.976032 9.135432 31.000010 0.989467 0.194503 -1
0 -30.976032 9.135432 31.500010 0.992200 0.194503 -1
0 10.055113 9.730803 30.999996 0.648423 0.234226 -1
0 10.055113 9.135432 30.999996 0.648423 0.235765 -1
0 10.055113 9.135432 31.499996 0.651156 0.235765 -1
0 10.055113 9.730803 31.499996 0.651156 0.234226 -1
0 -9.965380 9.730803 31.500002 0.992200 0.261198 -1
0 -9.965380 9.730803 31.000002 0.989467 0.261198 -1
0 10.055113 9.730803 30.999996 0.989467 0.312931 -1
0 10.055113 9.730803 31.499996 0.992200 0.312931 -1
0 10.055113 9.730803 31.499996 0.642007 0.266425 -1
0 10.055113 9.135432 31.499996 0.645261 0.266425 -1
0 10.055113 9.135432 30.999996 0.645261 0.266425 -1
0 10.055113 9.730803 30.999996 0.642007 0.266425 -1
0 32.245163 9.730803 30.999989 0.648423 0.234226 -1
0 32.245163 9.135432 30.999989 0.648423 0.235765 -1
0 32.245163 9.135432 31.499989 0.651156 0.235765 -1
0 32.245163 9.730803 31.499989 0.651156 0.234226 -1
0 32.245163 9.730803 31.499989 0.642007 0.323766 -1
0 32.245163 9.135432 31.499989 0.645261 0.323766 -1
0 32.245163 9.135432 30.999989 0.645261 0.323766 -1
0 32.245163 9.730803 30.999989 0.642007 0.323766 -1
0 12.504937 9.730803 31.499996 0.985999 0.319262 -1
0 12.504937 9.730803 30.999996 0.983266 0.319262 -1
0 32.245163 9.730803 30.999989 0.983266 0.370272 -1
0 32.245163 9.730803 31.499989 0.985999 0.370272 -1
0 77.514816 5.761661 30.999975 0.648423 0.244483 -1
0 77.514816 -37.514812 30.999977 0.648423 0.356311 -1
0 77.514816 -37.514812 31.499977 0.651156 0.356311 -1
0 77.514816 5.761661 31.499975 0.651156 0.244483 -1
0 77.514816 37.514812 30.999973 0.648423 0.162431 -1
0 77.514816 21.638237 30.999973 0.648423 0.203457 -1
0 77.514816 21.638237 31.499973 0.651156 0.203457 -1
0 77.514816 37.514812 31.499973 0.651156 0.162431 -1
0 77.514816 9.135432 30.999975 0.648423 0.235765 -1
0 77.514816 9.135432 31.499975 0.651156 0.235765 -1
0 77.514816 9.730803 30.999975 0.648423 0.234226 -1
0 77.514816 9.730803 31.499975 0.651156 0.234226 -1
0 77.514816 5.761661 31.499975 0.663701 0.440745 -1
0 77.514816 21.638237 30.999973 0.576923 0.440745 -1
0 77.514816 37.514812 30.999973 0.490144 0.440745 -1
0 77.514816 -37.514812 31.499977 0.651156 0.440745 -1
0 77.514816 -37.514812 30.999977 0.648423 0.440745 -1
0 77.514816 -37.514812 30.999977 0.900243 0.440745 -1
0 77.514816 37.514812 31.499973 0.490144 0.440745 -1
0 77.514816 -37.514812 31.499977 0.900243 0.440745 -1
0 -77.514816 21.638235 31.000025 0.648423 0.203457 -1
0 -77.514816 37.514812 31.000023 0.648423 0.162431 -1
0 -77.514816 37.514812 31.500023 0.651156 0.162431 -1
0 -77.514816 21.638235 31.500025 0.651156 0.203457 -1
0 -77.514816 -37.514812 31.000027 0.648423 0.356311 -1
0 -77.514816 5.761661 31.000025 0.648423 0.244483 -1
0 -77.514816 5.761661 31.500025 0.651156 0.244483 -1
0 -77.514816 -37.514812 31.500027 0.651156 0.356311 -1
0 -77.514816 9.730803 31.000025 0.648423 0.234226 -1
0 -77.514816 9.730803 31.500025 0.651156 0.234226 -1
0 -77.514816 9.135432 31.000025 0.648423 0.235765 -1
0 -77.514816 9.135432 31.500025 0.651156 0.235765 -1
0 -77.514816 -37.514812 31.000027 0.900243 0.040141 -1
0 -77.514816 21.638235 31.500025 0.576923 0.040141 -1
0 -77.514816 37.514812 31.500023 0.490144 0.040141 -1
0 -77.514816 9.730803 31.000025 0.642007 0.040141 -1
0 -77.514816 5.761661 31.500025 0.663701 0.040141 -1
0 -77.514816 -37.514812 31.500027 0.900243 0.040141 -1
6
0.000000 0.000000 1.000000
-0.000000 -0.000000 -1.000000
-1.000000 0.000000 0.000000
1.000000 0.000000 0.000000
0.000000 -1.000000 0.000000
0.000000 1.000000 0.000000
288
0 0 1 2 0 0 0 1
0 0 2 3 0 0 0 1
0 4 5 6 0 0 0 1
0 4 6 7 0 0 0 1
0 8 9 10 0 0 0 1
0 8 10 11 0 0 0 1
0 11 10 1 0 0 0 1
0 11 1 0 0 0 0 1
0 12 13 5 0 0 0 1
0 12 5 4 0 0 0 1
0 7 6 14 0 0 0 1
0 7 14 15 0 0 0 1
0 15 14 9 0 0 0 1
0 15 9 8 0 0 0 1
0 16 17 18 0 0 0 1
0 16 18 19 0 0 0 1
0 20 21 17 0 0 0 1
0 20 17 16 0 0 0 1
0 22 23 24 0 0 0 1
0 22 24 25 0 0 0 1
0 26 27 28 0 0 0 1
0 26 28 29 0 0 0 1
0 19 18 27 0 0 0 1
0 19 27 26 0 0 0 1
0 25 24 21 0 0 0 1
0 25 21 20 0 0 0 1
0 29 28 30 0 0 0 1
0 29 30 31 0 0 0 1
0 32 7 15 0 0 0 1
0 32 15 33 0 0 0 1
0 34 12 4 0 0 0 1
0 34 4 35 0 0 0 1
0 36 8 11 0 0 0 1
0 36 11 37 0 0 0 1
0 38 0 3 0 0 0 1
0 38 3 39 0 0 0 1
0 40 41 42 1 1 1 1
0 40 42 43 1 1 1 1
0 44 45 46 1 1 1 1
0 44 46 47 1 1 1 1
0 48 49 50 1 1 1 1
0 48 50 51 1 1 1 1
0 49 40 43 1 1 1 1
0 49 43 50 1 1 1 1
0 52 44 47 1 1 1 1
0 52 47 53 1 1 1 1
0 45 54 55 1 1 1 1
0 45 55 46 1 1 1 1
0 54 48 51 1 1 1 1
0 54 51 55 1 1 1 1
0 56 57 58 1 1 1 1
0 56 58 59 1 1 1 1
0 60 56 59 1 1 1 1
0 60 59 61 1 1 1 1
0 62 63 64 1 1 1 1
0 62 64 65 1 1 1 1
0 66 67 68 1 1 1 1
0 66 68 69 1 1 1 1
0 57 66 69 1 1 1 1
0 57 69 58 1 1 1 1
0 63 60 61 1 1 1 1
0 63 61 64 1 1 1 1
0 67 70 71 1 1 1 1
0 67 71 68 1 1 1 1
0 72 73 54 1 1 1 1
0 72 54 45 1 1 1 1
0 74 75 44 1 1 1 1
0 74 44 52 1 1 1 1
0 76 77 49 1 1 1 1
0 76 49 48 1 1 1 1
0 78 79 41 1 1 1 1
0 78 41 40 1 1 1 1
0 80 81 82 2 2 2 1
0 80 82 83 2 2 2 1
0 84 85 86 3 3 3 1
0 84 86 87 3 3 3 1
0 88 89 90 4 4 4 1
0 88 90 91 4 4 4 1
0 92 93 94 2 2 2 1
0 92 94 95 2 2 2 1
0 96 74 97 1 1 1 1
0 96 97 98 1 1 1 1
0 99 100 101 5 5 5 1
0 99 101 102 5 5 5 1
0 103 104 105 3 3 3 1
0 103 105 106 3 3 3 1
0 107 108 109 5 5 5 1
0 107 109 110 5 5 5 1
0 111 112 113 3 3 3 1
0 111 113 114 3 3 3 1
0 79 115 116 1 1 1 1
0 79 116 117 1 1 1 1
0 118 119 120 5 5 5 1
0 118 120 121 5 5 5 1
0 122 123 124 2 2 2 1
0 122 124 125 2 2 2 1
0 89 126 127 4 4 4 1
0 89 127 90 4 4 4 1
0 128 129 130 4 4 4 1
0 128 130 131 4 4 4 1
0 132 133 134 4 4 4 1
0 132 134 135 4 4 4 1
0 74 52 136 1 1 1 1
0 74 136 97 1 1 1 1
0 100 118 121 5 5 5 1
0 100 121 101 5 5 5 1
0 137 138 139 5 5 5 1
0 137 139 140 5 5 5 1
0 141 142 143 5 5 5 1
0 141 143 144 5 5 5 1
0 119 141 144 5 5 5 1
0 119 144 120 5 5 5 1
0 145 146 147 4 4 4 1
0 145 147 148 4 4 4 1
0 149 150 151 4 4 4 1
0 149 151 152 4 4 4 1
0 146 132 135 4 4 4 1
0 146 135 147 4 4 4 1
0 133 88 91 4 4 4 1
0 133 91 134 4 4 4 1
0 153 154 155 5 5 5 1
0 153 155 156 5 5 5 1
0 157 158 159 4 4 4 1
0 157 159 160 4 4 4 1
0 161 23 162 0 0 0 1
0 161 162 163 0 0 0 1
0 3 2 164 0 0 0 1
0 3 164 165 0 0 0 1
0 166 167 168 5 5 5 1
0 166 168 169 5 5 5 1
0 142 107 110 5 5 5 1
0 142 110 143 5 5 5 1
0 170 171 172 4 4 4 1
0 170 172 173 4 4 4 1
0 170 145 148 4 4 4 1
0 170 148 171 4 4 4 1
0 34 161 163 0 0 0 1
0 34 163 174 0 0 0 1
0 175 176 177 3 3 3 1
0 175 177 178 3 3 3 1
0 96 179 75 1 1 1 1
0 96 75 74 1 1 1 1
0 161 34 35 0 0 0 1
0 161 35 180 0 0 0 1
0 181 182 183 3 3 3 1
0 181 183 184 3 3 3 1
0 185 186 187 2 2 2 1
0 185 187 188 2 2 2 1
0 189 190 73 1 1 1 1
0 189 73 72 1 1 1 1
0 191 32 33 0 0 0 1
0 191 33 192 0 0 0 1
0 193 194 195 2 2 2 1
0 193 195 196 2 2 2 1
0 77 197 197 0 0 0 1
0 77 197 77 0 0 0 1
0 198 197 77 1 1 1 1
0 198 77 76 1 1 1 1
0 199 36 37 0 0 0 1
0 199 37 200 0 0 0 1
0 30 201 202 0 0 0 1
0 30 202 203 0 0 0 1
0 204 205 206 2 2 2 1
0 204 206 207 2 2 2 1
0 208 115 79 1 1 1 1
0 208 79 78 1 1 1 1
0 209 38 39 0 0 0 1
0 209 39 201 0 0 0 1
0 23 161 180 0 0 0 1
0 23 180 24 0 0 0 1
0 65 64 179 1 1 1 1
0 65 179 96 1 1 1 1
0 210 211 212 3 3 3 1
0 210 212 213 3 3 3 1
0 127 126 214 4 4 4 1
0 127 214 215 4 4 4 1
0 21 191 192 0 0 0 1
0 21 192 17 0 0 0 1
0 61 59 190 1 1 1 1
0 61 190 189 1 1 1 1
0 216 217 218 3 3 3 1
0 216 218 219 3 3 3 1
0 220 221 222 5 5 5 1
0 220 222 223 5 5 5 1
0 18 199 200 0 0 0 1
0 18 200 27 0 0 0 1
0 58 69 197 1 1 1 1
0 58 197 198 1 1 1 1
0 224 225 226 3 3 3 1
0 224 226 227 3 3 3 1
0 228 229 230 5 5 5 1
0 228 230 231 5 5 5 1
0 28 209 201 0 0 0 1
0 28 201 30 0 0 0 1
0 68 71 115 1 1 1 1
0 68 115 208 1 1 1 1
0 109 108 232 5 5 5 1
0 109 232 233 5 5 5 1
0 78 38 38 0 0 0 1
0 78 38 78 0 0 0 1
0 234 235 236 4 4 4 1
0 234 236 237 4 4 4 1
0 238 239 240 2 2 2 1
0 238 240 241 2 2 2 1
0 208 78 78 0 0 0 1
0 208 78 208 0 0 0 1
0 200 37 37 0 0 0 1
0 200 37 200 0 0 0 1
0 38 209 209 0 0 0 1
0 38 209 38 0 0 0 1
0 242 243 243 0 0 0 1
0 242 243 242 0 0 0 1
0 37 77 77 0 0 0 1
0 37 77 37 0 0 0 1
0 209 208 208 0 0 0 1
0 209 208 209 0 0 0 1
0 244 245 246 3 3 3 1
0 244 246 247 3 3 3 1
0 200 37 248 0 0 0 1
0 200 248 249 0 0 0 1
0 77 197 250 1 1 1 1
0 77 250 251 1 1 1 1
0 252 253 254 5 5 5 1
0 252 254 255 5 5 5 1
0 256 257 258 2 2 2 1
0 256 258 259 2 2 2 1
0 260 261 262 4 4 4 1
0 260 262 263 4 4 4 1
0 198 76 264 1 1 1 1
0 198 264 265 1 1 1 1
0 36 199 266 0 0 0 1
0 36 266 267 0 0 0 1
0 268 269 270 2 2 2 1
0 268 270 271 2 2 2 1
0 189 72 272 1 1 1 1
0 189 272 273 1 1 1 1
0 32 191 274 0 0 0 1
0 32 274 275 0 0 0 1
0 276 277 278 4 4 4 1
0 276 278 279 4 4 4 1
0 280 281 282 2 2 2 1
0 280 282 283 2 2 2 1
0 284 285 286 2 2 2 1
0 284 286 287 2 2 2 1
0 288 280 283 2 2 2 1
0 288 283 289 2 2 2 1
0 285 290 291 2 2 2 1
0 285 291 286 2 2 2 1
0 290 288 289 2 2 2 1
0 290 289 291 2 2 2 1
0 65 96 98 1 1 1 1
0 65 98 292 1 1 1 1
0 13 12 293 0 0 0 1
0 13 293 294 0 0 0 1
0 99 102 295 5 5 5 1
0 99 295 296 5 5 5 1
0 23 22 297 0 0 0 1
0 23 297 162 0 0 0 1
0 12 34 174 0 0 0 1
0 12 174 293 0 0 0 1
0 52 53 298 1 1 1 1
0 52 298 136 1 1 1 1
0 62 65 292 1 1 1 1
0 62 292 299 1 1 1 1
0 300 301 302 3 3 3 1
0 300 302 303 3 3 3 1
0 304 305 306 3 3 3 1
0 304 306 307 3 3 3 1
0 308 300 303 3 3 3 1
0 308 303 309 3 3 3 1
0 310 308 309 3 3 3 1
0 310 309 311 3 3 3 1
0 305 310 311 3 3 3 1
0 305 311 306 3 3 3 1
0 31 30 203 0 0 0 1
0 31 203 312 0 0 0 1
0 42 41 313 1 1 1 1
0 42 313 314 1 1 1 1
0 39 3 165 0 0 0 1
0 39 165 315 0 0 0 1
0 115 71 316 1 1 1 1
0 115 316 116 1 1 1 1
0 201 39 315 0 0 0 1
0 201 315 202 0 0 0 1
0 71 70 317 1 1 1 1
0 71 317 316 1 1 1 1
0 41 79 117 1 1 1 1
0 41 117 313 1 1 1 1
"light" 0 1
48
0 23.000000 -9.000000 29.999992 0.490000 0.323333 -1
0 23.000000 3.000000 29.999992 0.343333 0.323333 -1
0 23.000000 3.000000 30.999992 0.343333 0.176667 -1
0 23.000000 -9.000000 30.999992 0.490000 0.176667 -1
0 23.000000 -9.000000 30.999992 0.323333 0.156667 -1
0 23.000000 3.000000 30.999992 0.176667 0.156667 -1
0 -23.000000 3.000000 31.000008 0.176667 0.010000 -1
0 -23.000000 -9.000000 31.000008 0.323333 0.010000 -1
0 -23.000000 -9.000000 31.000008 0.413327 0.327271 -1
0 -23.000000 3.000000 31.000008 0.266660 0.327271 -1
0 -23.000000 3.000000 30.000008 0.266660 0.180604 -1
0 -23.000000 -9.000000 30.000008 0.413327 0.180604 -1
0 -23.000000 -9.000000 30.000008 0.990000 0.990000 -1
0 -23.000000 3.000000 30.000008 0.843333 0.990000 -1
0 23.000000 3.000000 29.999992 0.843333 0.843333 -1
0 23.000000 -9.000000 29.999992 0.990000 0.843333 -1
0 23.000000 -9.000000 30.999992 0.656667 0.323333 -1
0 -23.000000 -9.000000 31.000008 0.510000 0.323333 -1
0 -23.000000 -9.000000 30.000008 0.510000 0.176667 -1
0 23.000000 -9.000000 29.999992 0.656667 0.176667 -1
0 -23.000000 3.000000 31.000008 0.172251 0.772136 -1
0 23.000000 3.000000 30.999992 0.025584 0.772136 -1
0 23.000000 3.000000 29.999992 0.025584 0.625469 -1
0 -23.000000 3.000000 30.000008 0.172251 0.625469 -1
0 22.999994 -21.000000 14.999992 0.967460 0.633261 -1
0 22.999994 -9.000000 14.999992 0.967460 0.946595 -1
0 23.000002 -9.000000 31.149992 0.820794 0.946595 -1
0 23.000002 -21.000000 31.149992 0.820794 0.633261 -1
0 23.000002 -21.000000 31.149992 0.010000 0.510000 -1
0 23.000002 -9.000000 31.149992 0.323333 0.510000 -1
0 -22.999998 -9.000000 31.150007 0.323333 0.656667 -1
0 -22.999998 -21.000000 31.150007 0.010000 0.656667 -1
0 -22.999998 -21.000000 31.150007 0.952713 0.676667 -1
0 -22.999998 -9.000000 31.150007 0.952713 0.990000 -1
0 -23.000006 -9.000000 15.000008 0.806046 0.990000 -1
0 -23.000006 -21.000000 15.000008 0.806046 0.676667 -1
0 -23.000006 -21.000000 15.000008 0.652484 0.490000 -1
0 -23.000006 -9.000000 15.000008 0.347516 0.490000 -1
0 22.999994 -9.000000 14.999992 0.347516 0.343333 -1
0 22.999994 -21.000000 14.999992 0.652484 0.343333 -1
0 23.000002 -21.000000 31.149992 0.990000 0.656667 -1
0 -22.999998 -21.000000 31.150007 0.843333 0.656667 -1
0 -23.000006 -21.000000 15.000008 0.843333 0.510000 -1
0 22.999994 -21.000000 14.999992 0.990000 0.510000 -1
0 -22.999998 -9.000000 31.150007 0.211802 0.784537 -1
0 23.000002 -9.000000 31.149992 0.065135 0.784537 -1
0 22.999994 -9.000000 14.999992 0.065135 0.637871 -1
0 -23.000006 -9.000000 15.000008 0.211802 0.637871 -1
6
1.000000 0.000000 0.000000
0.000000 0.000000 1.000000
-1.000000 0.000000 0.000000
-0.000000 0.000000 -1.000000
0.000000 -1.000000 0.000000
0.000000 1.000000 0.000000
24
0 0 1 2 0 0 0 1
0 0 2 3 0 0 0 1
0 4 5 6 1 1 1 1
0 4 6 7 1 1 1 1
0 8 9 10 2 2 2 1
0 8 10 11 2 2 2 1
0 12 13 14 3 3 3 1
0 12 14 15 3 3 3 1
0 16 17 18 4 4 4 1
0 16 18 19 4 4 4 1
0 20 21 22 5 5 5 1
0 20 22 23 5 5 5 1
0 24 25 26 0 0 0 1
0 24 26 27 0 0 0 1
0 28 29 30 1 1 1 1
0 28 30 31 1 1 1 1
0 32 33 34 2 2 2 1
0 32 34 35 2 2 2 1
0 36 37 38 3 3 3 1
0 36 38 39 3 3 3 1
0 40 41 42 4 4 4 1
0 40 42 43 4 4 4 1
0 44 45 46 5 5 5 1
0 44 46 47 5 5 5 1
"dark" 0 0
4
0 -82.807137 24.417599 -30.355034 0.294566 0.375322 -1
0 82.807137 24.417599 -30.355034 0.227610 0.375322 -1
0 82.807137 24.417576 31.437662 0.227610 0.308365 -1
0 -82.807137 24.417576 31.437662 0.294566 0.308365 -1
1
0.000000 -1.000000 -0.000000
2
0 0 1 2 0 0 0 1
0 0 2 3 0 0 0 1
"light" 0 1
104
0 -75.597839 15.087036 -10.666666 0.250870 0.033478 -1
0 -75.597839 30.000000 -10.666666 0.227391 0.033478 -1
0 -75.597839 30.000000 -32.000000 0.227391 0.010000 -1
0 -75.597839 15.087036 -32.000000 0.250870 0.010000 -1
0 -75.597839 15.087036 -32.000000 0.076957 0.401304 -1
0 -75.597839 30.000000 -32.000000 0.076957 0.424783 -1
0 -74.597839 30.000000 -32.000000 0.010000 0.424783 -1
0 -74.597839 15.087036 -32.000000 0.010000 0.401304 -1
0 -72.597839 15.087036 10.666666 0.717881 0.287374 -1
0 -74.597839 30.000000 10.666666 0.255807 0.287374 -1
0 -74.597839 30.000000 32.000000 0.255807 0.364387 -1
0 -74.597839 15.087036 32.000000 0.255807 0.364387 -1
0 -74.597839 15.087036 32.000000 0.598696 0.990000 -1
0 -74.597839 30.000000 32.000000 0.575217 0.990000 -1
0 -75.597839 30.000000 32.000000 0.575217 0.923043 -1
0 -75.597839 15.087036 32.000000 0.598696 0.923043 -1
0 -75.597839 -30.000000 10.666666 0.163913 0.990000 -1
0 -72.597839 -30.000000 10.666666 0.010000 0.990000 -1
0 -74.597839 -30.000000 32.000000 0.010000 0.836087 -1
0 -75.597839 -30.000000 32.000000 0.163913 0.836087 -1
0 -74.597839 30.000000 10.666666 0.444783 0.444783 -1
0 -75.597839 30.000000 10.666666 0.511739 0.444783 -1
0 -75.597839 30.000000 32.000000 0.511739 0.468261 -1
0 -74.597839 30.000000 32.000000 0.444783 0.468261 -1
0 -74.597839 30.000000 -32.000000 0.555217 0.488261 -1
0 -75.597839 30.000000 -32.000000 0.555217 0.555217 -1
0 -75.597839 30.000000 -10.666666 0.531739 0.555217 -1
0 -74.597839 30.000000 -10.666666 0.531739 0.488261 -1
0 -74.597839 30.000000 -10.666666 0.183913 0.444783 -1
0 -75.597839 30.000000 -10.666666 0.250870 0.444783 -1
0 -75.597839 30.000000 10.666666 0.250870 0.468261 -1
0 -74.597839 30.000000 10.666666 0.183913 0.468261 -1
0 -75.597839 -30.000000 -32.000000 0.337826 0.816087 -1
0 -74.597839 -30.000000 -32.000000 0.183913 0.816087 -1
0 -72.597839 -30.000000 -10.666666 0.183913 0.662174 -1
0 -75.597839 -30.000000 -10.666666 0.337826 0.662174 -1
0 -75.597839 -30.000000 -10.666666 0.468261 0.662174 -1
0 -72.597839 -30.000000 -10.666666 0.468261 0.816087 -1
0 -72.597839 -30.000000 10.666666 0.444783 0.816087 -1
0 -75.597839 -30.000000 10.666666 0.444783 0.662174 -1
0 -74.597839 15.087036 -32.000000 0.255807 0.133350 -1
0 -74.597839 30.000000 -32.000000 0.255807 0.133350 -1
0 -74.597839 30.000000 -10.666666 0.255807 0.210362 -1
0 -72.597839 15.087036 -10.666666 0.717881 0.210362 -1
0 -75.597839 15.087036 32.000000 0.990000 0.859565 -1
0 -75.597839 30.000000 32.000000 0.966522 0.859565 -1
0 -75.597839 30.000000 10.666666 0.966522 0.836087 -1
0 -75.597839 15.087036 10.666666 0.990000 0.836087 -1
0 -75.597839 15.087036 10.666666 0.990000 0.903043 -1
0 -75.597839 30.000000 10.666666 0.966522 0.903043 -1
0 -75.597839 30.000000 -10.666666 0.966522 0.879565 -1
0 -75.597839 15.087036 -10.666666 0.990000 0.879565 -1
0 -75.597839 15.087036 -10.666666 0.076957 0.444783 -1
0 -75.597839 -30.000000 -10.666666 0.010000 0.444783 -1
0 -75.497841 -30.000000 -10.666666 0.010000 0.444783 -1
0 -75.497841 15.087036 -10.666666 0.076957 0.444783 -1
0 -75.597839 -30.000000 32.000000 0.096957 0.401304 -1
0 -75.597839 15.087036 32.000000 0.163913 0.401304 -1
0 -75.597839 15.087036 10.666666 0.163913 0.424783 -1
0 -75.597839 -30.000000 10.666666 0.096957 0.424783 -1
0 -72.597839 -30.000000 -10.666666 0.992821 0.275727 -1
0 -72.597839 15.087036 -10.666666 0.980702 0.275727 -1
0 -75.597839 15.087036 -10.666666 0.980702 0.324106 -1
0 -75.597839 -30.000000 -10.666666 0.992821 0.324106 -1
0 -74.597839 -30.000000 -32.000000 0.270514 0.305476 -1
0 -74.597839 15.087036 -32.000000 0.270514 0.194339 -1
0 -72.597839 15.087036 -10.666666 0.979092 0.194339 -1
0 -72.597839 -30.000000 -10.666666 0.979092 0.305476 -1
0 -74.597839 -30.000000 32.000000 0.555217 0.729130 -1
0 -74.597839 15.087036 32.000000 0.488261 0.729130 -1
0 -75.597839 15.087036 32.000000 0.488261 0.662174 -1
0 -75.597839 -30.000000 32.000000 0.555217 0.662174 -1
0 -72.597839 -30.000000 10.666666 0.957106 0.317877 -1
0 -72.597839 15.087036 10.666666 0.957106 0.206740 -1
0 -74.597839 15.087036 32.000000 0.261496 0.206740 -1
0 -74.597839 -30.000000 32.000000 0.261496 0.317877 -1
0 -75.597839 -30.000000 -32.000000 0.511739 0.642174 -1
0 -75.597839 15.087036 -32.000000 0.444783 0.642174 -1
0 -74.597839 15.087036 -32.000000 0.444783 0.575217 -1
0 -74.597839 -30.000000 -32.000000 0.511739 0.575217 -1
0 -75.597839 15.087036 -32.000000 0.076957 0.468261 -1
0 -75.597839 -30.000000 -32.000000 0.010000 0.468261 -1
0 -72.597839 15.087036 -10.666666 0.982054 0.275727 -1
0 -72.597839 15.087036 10.666666 0.987430 0.275727 -1
0 -75.597839 15.087036 10.666666 0.987430 0.324106 -1
0 -75.597839 15.087036 -10.666666 0.982054 0.324106 -1
0 -72.597839 15.087036 10.666666 0.980702 0.275727 -1
0 -72.597839 -30.000000 10.666666 0.992821 0.275727 -1
0 -75.597839 -30.000000 10.666666 0.992821 0.324106 -1
0 -75.597839 15.087036 10.666666 0.980702 0.324106 -1
0 -72.597839 -30.000000 10.666666 0.424783 0.618696 -1
0 -72.597839 -30.000000 -10.666666 0.424783 0.642174 -1
0 -75.597839 -30.000000 -10.666666 0.270870 0.642174 -1
0 -75.597839 -30.000000 10.666666 0.270870 0.618696 -1
0 -75.497841 -30.000000 10.666666 0.569191 0.276664 -1
0 -75.497841 -30.000000 -10.666666 0.585974 0.276664 -1
0 -75.497841 15.087036 -10.666666 0.585974 0.228802 -1
0 -75.497841 15.087036 10.666666 0.569191 0.228802 -1
0 -75.497841 15.087036 -10.666666 0.990000 0.879565 -1
0 -75.497841 15.087036 10.666666 0.990000 0.903043 -1
0 -75.497841 15.087036 10.666666 0.163913 0.424783 -1
0 -75.497841 -30.000000 10.666666 0.096957 0.424783 -1
0 -75.497841 -30.000000 10.666666 0.444783 0.662174 -1
0 -75.497841 -30.000000 -10.666666 0.468261 0.662174 -1
29
-0.904500 -0.301500 0.301500
-0.707100 0.707100 0.000000
-0.577300 0.577300 -0.577300
-0.707100 0.000000 -0.707100
0.554800 0.593900 -0.582700
0.681200 0.022800 -0.731700
0.930100 -0.250300 -0.268900
0.670400 0.741800 0.015700
0.554800 0.593900 0.582700
0.681200 0.022800 0.731700
-0.577300 0.577300 0.577300
-0.707100 0.000000 0.707100
-0.577300 -0.577300 -0.577300
0.606200 -0.572600 -0.552000
0.547300 -0.582400 0.601000
-0.577300 -0.577300 0.577300
0.670400 0.741800 -0.015700
0.547300 -0.582400 -0.601000
0.606200 -0.572600 0.552000
0.930100 -0.250300 0.268900
-0.904500 -0.301500 -0.301500
0.577300 0.577300 0.577300
0.577300 -0.577300 0.577300
0.000000 -0.707100 0.707100
0.000000 0.707100 0.707100
0.000000 -0.707100 -0.707100
0.000000 0.707100 -0.707100
0.577300 0.577300 -0.577300
0.577300 -0.577300 -0.577300
58
0 0 1 2 0 1 2 1
0 0 2 3 0 2 3 1
0 4 5 6 3 2 4 1
0 4 6 7 3 4 5 1
0 8 9 10 6 7 8 1
0 8 10 11 6 8 9 1
0 12 13 14 9 8 10 1
0 12 14 15 9 10 11 1
0 16 17 18 12 13 14 1
0 16 18 19 12 14 15 1
0 20 21 22 7 1 10 1
0 20 22 23 7 10 8 1
0 24 25 26 4 2 1 1
0 24 26 27 4 1 16 1
0 28 29 30 16 1 1 1
0 28 30 31 16 1 7 1
0 32 33 34 12 17 18 1
0 32 34 35 12 18 15 1
0 36 37 38 15 18 13 1
0 36 38 39 15 13 12 1
0 40 41 42 5 4 16 1
0 40 42 43 5 16 19 1
0 43 42 9 19 16 7 1
0 43 9 8 19 7 6 1
0 44 45 46 11 10 1 1
0 44 46 47 11 1 20 1
0 48 49 50 20 1 1 1
0 48 50 51 20 1 0 1
0 52 53 54 0 15 21 1
0 52 54 55 0 21 22 1
0 56 57 58 15 11 20 1
0 56 58 59 15 20 12 1
0 60 61 62 18 19 23 1
0 60 62 63 18 23 24 1
0 64 65 66 17 5 19 1
0 64 66 67 17 19 18 1
0 68 69 70 14 9 11 1
0 68 70 71 14 11 15 1
0 72 73 74 13 6 9 1
0 72 74 75 13 9 14 1
0 76 77 78 12 3 5 1
0 76 78 79 12 5 17 1
0 53 52 80 15 0 3 1
0 53 80 81 15 3 12 1
0 82 83 84 19 6 25 1
0 82 84 85 19 25 23 1
0 86 87 88 6 13 26 1
0 86 88 89 6 26 25 1
0 90 91 92 13 18 24 1
0 90 92 93 13 24 26 1
0 94 95 96 27 21 22 1
0 94 96 97 27 22 28 1
0 48 51 98 20 0 22 1
0 48 98 99 20 22 28 1
0 59 58 100 12 20 28 1
0 59 100 101 12 28 27 1
0 36 39 102 15 12 27 1
0 36 102 103 15 27 21 1
"dark" 0 0
24
0 74.589996 -30.000000 32.000000 0.647433 0.307332 -1
0 74.589996 30.000000 32.000000 0.097389 0.307332 -1
0 74.589996 30.000000 -32.000000 0.097389 0.240375 -1
0 74.589996 -30.000000 -32.000000 0.647433 0.240375 -1
0 74.589996 -30.000000 -32.000000 0.781182 0.235804 -1
0 74.589996 30.000000 -32.000000 0.714226 0.235804 -1
0 75.589996 30.000000 -32.000000 0.714226 0.168848 -1
0 75.589996 -30.000000 -32.000000 0.781182 0.168848 -1
0 75.589996 -30.000000 -32.000000 0.781182 0.322761 -1
0 75.589996 30.000000 -32.000000 0.714226 0.322761 -1
0 75.589996 30.000000 32.000000 0.714226 0.255804 -1
0 75.589996 -30.000000 32.000000 0.781182 0.255804 -1
0 75.589996 -30.000000 32.000000 0.868139 0.322761 -1
0 75.589996 30.000000 32.000000 0.801182 0.322761 -1
0 74.589996 30.000000 32.000000 0.801182 0.255804 -1
0 74.589996 -30.000000 32.000000 0.868139 0.255804 -1
0 74.589996 -30.000000 -32.000000 0.694226 0.279282 -1
0 75.589996 -30.000000 -32.000000 0.627269 0.279282 -1
0 75.589996 -30.000000 32.000000 0.627269 0.212326 -1
0 74.589996 -30.000000 32.000000 0.694226 0.212326 -1
0 75.589996 30.000000 -32.000000 0.955095 0.279282 -1
0 74.589996 30.000000 -32.000000 0.888139 0.279282 -1
0 74.589996 30.000000 32.000000 0.888139 0.212326 -1
0 75.589996 30.000000 32.000000 0.955095 0.212326 -1
6
-1.000000 0.000000 0.000000
0.000000 0.000000 -1.000000
1.000000 0.000000 0.000000
0.000000 0.000000 1.000000
0.000000 -1.000000 0.000000
0.000000 1.000000 0.000000
12
0 0 1 2 0 0 0 1
0 0 2 3 0 0 0 1
0 4 5 6 1 1 1 1
0 4 6 7 1 1 1 1
0 8 9 10 2 2 2 1
0 8 10 11 2 2 2 1
0 12 13 14 3 3 3 1
0 12 14 15 3 3 3 1
0 16 17 18 4 4 4 1
0 16 18 19 4 4 4 1
0 20 21 22 5 5 5 1
0 20 22 23 5 5 5 1
"paper" 0 2
50
0 -72.228691 6.534014 -22.226290 0.750000 0.750000 -1
0 -72.049202 4.081178 -21.783812 0.750000 1.000000 -1
0 -72.265419 3.640655 -24.234890 1.000000 1.000000 -1
0 -72.353264 6.093491 -24.677368 1.000000 0.750000 -1
0 -72.608147 13.892521 -23.553722 0.750000 0.000000 -1
0 -72.571045 11.439686 -23.111246 0.750000 0.250000 -1
0 -72.462776 10.999163 -25.562325 1.000000 0.250000 -1
0 -72.499878 13.451998 -26.004801 1.000000 0.000000 -1
0 -72.498634 8.986850 -22.668768 0.750000 0.500000 -1
0 -72.425667 8.546327 -25.119846 1.000000 0.500000 -1
0 -72.932945 15.214090 -16.200489 0.000000 0.000000 -1
0 -72.895844 12.761255 -15.758012 0.000000 0.250000 -1
0 -72.787575 12.320732 -18.209089 0.250000 0.250000 -1
0 -72.824677 14.773567 -18.651567 0.250000 0.000000 -1
0 -72.679306 11.880209 -20.660168 0.500000 0.250000 -1
0 -72.716415 14.333044 -21.102646 0.500000 0.000000 -1
0 -72.858742 10.308419 -15.315534 0.000000 0.500000 -1
0 -72.715172 9.867896 -17.766611 0.250000 0.500000 -1
0 -72.556160 9.427373 -20.217690 0.500000 0.500000 -1
0 -72.786331 7.855583 -14.873056 0.000000 0.750000 -1
0 -72.445221 7.415060 -17.324133 0.250000 0.750000 -1
0 -72.194572 6.974537 -19.775211 0.500000 0.750000 -1
0 -72.698486 5.402748 -14.430578 0.000000 1.000000 -1
0 -72.265732 4.962224 -16.881655 0.250000 1.000000 -1
0 -71.958931 4.521701 -19.332733 0.500000 1.000000 -1
0 -72.308594 -10.002713 -23.482092 0.750000 0.750000 -1
0 -72.087914 -13.105069 -23.634806 0.750000 1.000000 -1
0 -72.535110 -12.963856 -26.714287 1.000000 1.000000 -1
0 -72.641785 -9.861301 -26.568130 1.000000 0.750000 -1
0 -72.772804 -0.695300 -23.035328 0.750000 0.000000 -1
0 -72.729263 -3.797966 -23.177855 0.750000 0.250000 -1
0 -72.772781 -3.656047 -26.280548 1.000000 0.250000 -1
0 -72.816322 -0.553382 -26.138021 1.000000 0.000000 -1
0 -72.641808 -6.900554 -23.322908 0.750000 0.500000 -1
0 -72.729240 -6.758713 -26.423077 1.000000 0.500000 -1
0 -72.642250 -1.121055 -13.727247 0.000000 0.000000 -1
0 -72.598709 -4.223721 -13.869775 0.000000 0.250000 -1
0 -72.642227 -4.081802 -16.972467 0.250000 0.250000 -1
0 -72.685768 -0.979136 -16.829941 0.250000 0.000000 -1
0 -72.685745 -3.939884 -20.075161 0.500000 0.250000 -1
0 -72.729286 -0.837218 -19.932634 0.500000 0.000000 -1
0 -72.555168 -7.326385 -14.012302 0.000000 0.500000 -1
0 -72.554771 -7.184391 -17.117521 0.250000 0.500000 -1
0 -72.535156 -7.042362 -20.223845 0.500000 0.500000 -1
0 -72.467705 -10.428974 -14.157355 0.000000 0.750000 -1
0 -72.221550 -10.286550 -17.276705 0.250000 0.750000 -1
0 -72.087936 -10.144321 -20.389585 0.500000 0.750000 -1
0 -72.361031 -13.531528 -14.303514 0.000000 1.000000 -1
0 -72.000870 -13.388906 -17.429419 0.250000 1.000000 -1
0 -71.797394 -13.246555 -20.546316 0.500000 1.000000 -1
26
0.996200 0.040500 -0.076500
0.998900 0.022300 0.040100
0.999100 0.028100 0.031900
0.997600 0.065600 -0.022300
0.998500 0.030600 0.045800
0.997800 0.048000 0.045800
0.998700 0.044500 0.025800
0.993000 0.084300 0.083000
0.988800 0.137700 0.057900
0.992100 0.124500 -0.017600
0.986800 0.079300 0.141500
0.990400 0.100900 0.094500
0.996200 0.077200 -0.039200
0.990700 0.058200 -0.122700
0.999800 0.014600 -0.013400
0.999600 0.022000 -0.020100
0.995400 0.070600 -0.064400
0.999800 0.021400 -0.006000
0.999300 0.038400 -0.002100
0.999000 0.039400 -0.022400
0.996900 0.065500 0.042500
0.991900 0.123200 0.030100
0.990800 0.127100 -0.046600
0.994000 0.047700 0.098700
0.995200 0.079100 0.057500
0.993200 0.085700 -0.078200
64
0 0 1 2 0 0 0 1
0 0 2 3 0 0 0 1
0 4 5 6 1 1 1 1
0 4 6 7 1 1 1 1
0 5 8 9 2 2 2 1
0 5 9 6 2 2 2 1
0 8 0 3 3 3 3 1
0 8 3 9 3 3 3 1
0 10 11 12 1 1 1 1
0 10 12 13 1 1 1 1
0 13 12 14 1 1 1 1
0 13 14 15 1 1 1 1
0 15 14 5 1 1 1 1
0 15 5 4 1 1 1 1
0 11 16 17 4 4 4 1
0 11 17 12 4 4 4 1
0 12 17 18 5 5 5 1
0 12 18 14 5 5 5 1
0 14 18 8 6 6 6 1
0 14 8 5 6 6 6 1
0 16 19 20 7 7 7 1
0 16 20 17 7 7 7 1
0 17 20 21 8 8 8 1
0 17 21 18 8 8 8 1
0 18 21 0 9 9 9 1
0 18 0 8 9 9 9 1
0 19 22 23 10 10 10 1
0 19 23 20 10 10 10 1
0 20 23 24 11 11 11 1
0 20 24 21 11 11 11 1
0 21 24 1 12 12 12 1
0 21 1 0 12 12 12 1
0 25 26 27 13 13 13 1
0 25 27 28 13 13 13 1
0 29 30 31 14 14 14 1
0 29 31 32 14 14 14 1
0 30 33 34 15 15 15 1
0 30 34 31 15 15 15 1
0 33 25 28 16 16 16 1
0 33 28 34 16 16 16 1
0 35 36 37 14 14 14 1
0 35 37 38 14 14 14 1
0 38 37 39 14 14 14 1
0 38 39 40 14 14 14 1
0 40 39 30 14 14 14 1
0 40 30 29 14 14 14 1
0 36 41 42 17 17 17 1
0 36 42 37 17 17 17 1
0 37 42 43 18 18 18 1
0 37 43 39 18 18 18 1
0 39 43 33 19 19 19 1
0 39 33 30 19 19 19 1
0 41 44 45 20 20 20 1
0 41 45 42 20 20 20 1
0 42 45 46 21 21 21 1
0 42 46 43 21 21 21 1
0 43 46 25 22 22 22 1
0 43 25 33 22 22 22 1
0 44 47 48 23 23 23 1
0 44 48 45 23 23 23 1
0 45 48 49 24 24 24 1
0 45 49 46 24 24 24 1
0 46 49 26 25 25 25 1
0 46 26 25 25 25 25 1
"paper2" 0 3
36
0 -72.776718 -8.356100 16.128281 0.804600 0.805908 -1
0 -72.768616 -13.568551 16.176338 0.804600 1.009847 -1
0 -72.773277 -13.471540 13.274567 1.007666 1.009847 -1
0 -72.781319 -8.298331 13.216253 1.007666 0.805909 -1
0 -72.786606 12.756757 16.130093 0.804600 -0.009848 -1
0 -72.799477 7.234173 15.979856 0.804600 0.194092 -1
0 -72.801048 7.178506 13.053574 1.007666 0.194092 -1
0 -72.784615 12.677638 13.216860 1.007666 -0.009848 -1
0 -72.807213 1.849422 15.894892 0.804600 0.398030 -1
0 -72.810570 1.793862 12.958945 1.007666 0.398031 -1
0 -72.797287 -3.264968 15.979455 0.804600 0.601969 -1
0 -72.800850 -3.279248 13.053537 1.007666 0.601970 -1
0 -72.809959 13.425226 27.794441 -0.007666 -0.009848 -1
0 -72.800621 8.004206 27.792728 -0.007666 0.194091 -1
0 -72.799438 7.934424 24.877659 0.195400 0.194092 -1
0 -72.806671 13.356859 24.891209 0.195400 -0.009848 -1
0 -72.798698 7.713474 21.919189 0.398467 0.194092 -1
0 -72.799133 13.189074 21.984219 0.398467 -0.009848 -1
0 -72.798599 7.441288 18.943352 0.601533 0.194092 -1
0 -72.791931 12.958089 19.058231 0.601533 -0.009848 -1
0 -72.784508 2.442306 27.789770 -0.007666 0.398030 -1
0 -72.786530 2.366381 24.855543 0.195400 0.398030 -1
0 -72.791794 2.181430 21.874121 0.398467 0.398030 -1
0 -72.799316 1.983306 18.876833 0.601533 0.398030 -1
0 -72.777496 -2.930265 27.788483 -0.007666 0.601969 -1
0 -72.777481 -2.975626 24.873631 0.195400 0.601969 -1
0 -72.782372 -3.079636 21.916193 0.398467 0.601969 -1
0 -72.790016 -3.190821 18.941778 0.601533 0.601969 -1
0 -72.771851 -8.274384 27.787449 -0.007666 0.805908 -1
0 -72.768890 -8.336029 24.884275 0.195400 0.805909 -1
0 -72.768013 -8.365242 21.978508 0.398467 0.805908 -1
0 -72.771324 -8.377769 19.054449 0.601533 0.805908 -1
0 -72.768616 -13.568551 27.786854 -0.007666 1.009847 -1
0 -72.764687 -13.650132 24.883507 0.195400 1.009847 -1
0 -72.763039 -13.684408 21.980574 0.398467 1.009847 -1
0 -72.764687 -13.650132 19.078247 0.601533 1.009847 -1
24
1.000000 0.001500 -0.001600
1.000000 -0.002700 0.000100
1.000000 -0.001600 -0.000800
1.000000 0.001900 -0.001200
1.000000 0.003900 -0.001400
1.000000 0.001500 0.000700
1.000000 0.000700 0.001400
1.000000 -0.000600 0.001300
1.000000 -0.001800 0.000900
1.000000 0.002600 -0.000200
1.000000 0.001800 -0.000900
1.000000 0.000600 -0.001300
1.000000 -0.000800 -0.001400
1.000000 0.001500 -0.000400
1.000000 0.001700 -0.001800
1.000000 0.001800 -0.002600
1.000000 0.001300 0.000500
1.000000 0.002200 -0.000700
1.000000 0.003100 -0.001900
1.000000 0.003800 -0.002200
1.000000 0.000700 0.001200
1.000000 0.000900 0.000400
1.000000 0.001100 -0.000800
1.000000 0.001400 -0.001600
50
0 0 1 2 0 0 0 1
0 0 2 3 0 0 0 1
0 4 5 6 1 1 1 1
0 4 6 7 1 1 1 1
0 5 8 9 2 2 2 1
0 5 9 6 2 2 2 1
0 8 10 11 3 3 3 1
0 8 11 9 3 3 3 1
0 10 0 3 4 4 4 1
0 10 3 11 4 4 4 1
0 12 13 14 5 5 5 1
0 12 14 15 5 5 5 1
0 15 14 16 6 6 6 1
0 15 16 17 6 6 6 1
0 17 16 18 7 7 7 1
0 17 18 19 7 7 7 1
0 19 18 5 8 8 8 1
0 19 5 4 8 8 8 1
0 13 20 21 9 9 9 1
0 13 21 14 9 9 9 1
0 14 21 22 10 10 10 1
0 14 22 16 10 10 10 1
0 16 22 23 11 11 11 1
0 16 23 18 11 11 11 1
0 18 23 8 12 12 12 1
0 18 8 5 12 12 12 1
0 20 24 25 13 13 13 1
0 20 25 21 13 13 13 1
0 21 25 26 14 14 14 1
0 21 26 22 14 14 14 1
0 22 26 27 15 15 15 1
0 22 27 23 15 15 15 1
0 23 27 10 15 15 15 1
0 23 10 8 15 15 15 1
0 24 28 29 16 16 16 1
0 24 29 25 16 16 16 1
0 25 29 30 17 17 17 1
0 25 30 26 17 17 17 1
0 26 30 31 18 18 18 1
0 26 31 27 18 18 18 1
0 27 31 0 19 19 19 1
0 27 0 10 19 19 19 1
0 28 32 33 20 20 20 1
0 28 33 29 20 20 20 1
0 29 33 34 21 21 21 1
0 29 34 30 21 21 21 1
0 30 34 35 22 22 22 1
0 30 35 31 22 22 22 1
0 31 35 1 23 23 23 1
0 31 1 0 23 23 23 1

Materials: 4
"dark"
1.000000 1.000000 1.000000 1.000000
0.800000 0.800000 0.800000 1.000000
0.500000 0.500000 0.500000 1.000000
0.000000 0.000000 0.000000 1.000000
0.128000
1.000000
"bcolor.png"
""
"light"
1.000000 1.000000 1.000000 1.000000
0.800000 0.800000 0.800000 1.000000
0.500000 0.500000 0.500000 1.000000
0.000000 0.000000 0.000000 1.000000
0.128000
1.000000
"bcolor.png"
""
"paper"
1.000000 1.000000 1.000000 1.000000
0.800000 0.800000 0.800000 1.000000
0.500000 0.500000 0.500000 1.000000
0.000000 0.000000 0.000000 1.000000
0.185600
1.000000
"paper1.png"
""
"paper2"
1.000000 1.000000 1.000000 1.000000
0.800000 0.800000 0.800000 1.000000
0.500000 0.500000 0.500000 1.000000
0.000000 0.000000 0.000000 1.000000
0.185600
1.000000
"paper2.png"
""

Bones: 0
GroupComments: 0
MaterialComments: 0
BoneComments: 0
ModelComment: 0
