// MilkShape 3D ASCII

Frames: 30
Frame: 1

Meshes: 7
"default" 0 0
580
0 -82.897133 -19.999989 -37.430576 0.555217 0.816087 -1
0 82.897133 -19.999989 -37.430576 0.488261 0.816087 -1
0 82.897133 -20.000011 37.430576 0.488261 0.749130 -1
0 -82.897133 -20.000011 37.430576 0.555217 0.749130 -1
0 30.940052 21.638235 -30.000000 0.816087 0.294348 -1
0 30.940052 37.514812 -29.999998 0.792609 0.294348 -1
0 37.514812 37.514812 -29.999998 0.792609 0.270870 -1
0 37.514812 21.638235 -30.000000 0.816087 0.270870 -1
0 -31.584635 21.638235 -30.000000 0.816087 0.250870 -1
0 -31.584635 37.514812 -29.999998 0.792609 0.250870 -1
0 -12.504937 37.514812 -29.999998 0.792609 0.227391 -1
0 -12.504937 21.638235 -30.000000 0.816087 0.227391 -1
0 9.965380 21.638235 -30.000000 0.772609 0.207391 -1
0 9.965380 37.514812 -29.999998 0.749130 0.207391 -1
0 12.504937 37.514812 -29.999998 0.749130 0.183913 -1
0 12.504937 21.638235 -30.000000 0.772609 0.183913 -1
0 12.504937 21.638235 -30.000000 0.816087 0.207391 -1
0 12.504937 37.514812 -29.999998 0.792609 0.207391 -1
0 30.940052 37.514812 -29.999998 0.792609 0.183913 -1
0 30.940052 21.638235 -30.000000 0.816087 0.183913 -1
0 -37.514812 21.638237 -30.000000 0.859565 0.990000 -1
0 -37.514812 37.514812 -29.999998 0.836087 0.990000 -1
0 -31.584635 37.514812 -29.999998 0.836087 0.966522 -1
0 -31.584635 21.638235 -30.000000 0.859565 0.966522 -1
0 -12.504937 21.638235 -30.000000 0.033478 0.163913 -1
0 -12.504937 37.514812 -29.999998 0.010000 0.163913 -1
0 -9.968236 37.514812 -29.999998 0.010000 0.140435 -1
0 -9.968236 21.638235 -30.000000 0.033478 0.140435 -1
0 -9.968236 21.638235 -30.000000 0.076957 0.163913 -1
0 -9.968236 37.514812 -29.999998 0.053478 0.163913 -1
0 9.965380 37.514812 -29.999998 0.053478 0.140435 -1
0 9.965380 21.638235 -30.000000 0.076957 0.140435 -1
0 -9.968236 -37.514812 -30.000002 0.685652 0.923043 -1
0 -9.968236 5.761661 -30.000000 0.685652 0.990000 -1
0 9.965380 5.761661 -30.000000 0.662174 0.990000 -1
0 9.965380 -37.514812 -30.000002 0.662174 0.923043 -1
0 -12.504937 -37.514812 -30.000002 0.357826 0.357826 -1
0 -12.504937 5.761661 -30.000000 0.424783 0.357826 -1
0 -9.968236 5.761661 -30.000000 0.424783 0.381304 -1
0 -9.968236 -37.514812 -30.000002 0.357826 0.381304 -1
0 -37.514812 -37.514812 -30.000002 0.642174 0.401304 -1
0 -37.514812 5.761661 -30.000000 0.642174 0.468261 -1
0 -31.584635 5.761661 -30.000000 0.618696 0.468261 -1
0 -31.584635 -37.514812 -30.000002 0.618696 0.401304 -1
0 12.504937 -37.514812 -30.000002 0.270870 0.357826 -1
0 12.504937 5.761661 -30.000000 0.337826 0.357826 -1
0 30.940052 5.761661 -30.000000 0.337826 0.381304 -1
0 30.940052 -37.514812 -30.000002 0.270870 0.381304 -1
0 9.965380 -37.514812 -30.000002 0.642174 0.488261 -1
0 9.965380 5.761661 -30.000000 0.642174 0.555217 -1
0 12.504937 5.761661 -30.000000 0.618696 0.555217 -1
0 12.504937 -37.514812 -30.000002 0.618696 0.488261 -1
0 -31.584635 -37.514812 -30.000002 0.183913 0.357826 -1
0 -31.584635 5.761661 -30.000000 0.250870 0.357826 -1
0 -12.504937 5.761661 -30.000000 0.250870 0.381304 -1
0 -12.504937 -37.514812 -30.000002 0.183913 0.381304 -1
0 30.940052 -37.514812 -30.000002 0.642174 0.575217 -1
0 30.940052 5.761661 -30.000000 0.642174 0.642174 -1
0 37.514812 5.761661 -30.000000 0.618696 0.642174 -1
0 37.514812 -37.514812 -30.000002 0.618696 0.575217 -1
0 -12.504937 9.730803 -30.000000 0.859565 0.772609 -1
0 -12.504937 21.638235 -30.000000 0.836087 0.772609 -1
0 -9.968236 21.638235 -30.000000 0.836087 0.749130 -1
0 -9.968236 9.730803 -30.000000 0.859565 0.749130 -1
0 -37.514812 9.730803 -30.000000 0.250870 0.163913 -1
0 -37.514812 21.638237 -30.000000 0.227391 0.163913 -1
0 -31.584635 21.638235 -30.000000 0.227391 0.140435 -1
0 -31.584635 9.730803 -30.000000 0.250870 0.140435 -1
0 9.965380 9.730803 -30.000000 0.859565 0.729130 -1
0 9.965380 21.638235 -30.000000 0.836087 0.729130 -1
0 12.504937 21.638235 -30.000000 0.836087 0.705652 -1
0 12.504937 9.730803 -30.000000 0.859565 0.705652 -1
0 30.940052 9.730803 -30.000000 0.294348 0.163913 -1
0 30.940052 21.638235 -30.000000 0.270870 0.163913 -1
0 37.514812 21.638235 -30.000000 0.270870 0.140435 -1
0 37.514812 9.730803 -30.000000 0.294348 0.140435 -1
0 30.940052 21.638235 -30.500000 0.859565 0.685652 -1
0 37.514812 21.638235 -30.500000 0.836087 0.685652 -1
0 37.514812 37.514812 -30.499998 0.836087 0.662174 -1
0 30.940052 37.514812 -30.499998 0.859565 0.662174 -1
0 -31.584635 21.638235 -30.500000 0.337826 0.163913 -1
0 -12.504937 21.638235 -30.500000 0.314348 0.163913 -1
0 -12.504937 37.514812 -30.499998 0.314348 0.140435 -1
0 -31.584635 37.514812 -30.499998 0.337826 0.140435 -1
0 9.965380 21.638235 -30.500000 0.859565 0.642174 -1
0 12.504937 21.638235 -30.500000 0.836087 0.642174 -1
0 12.504937 37.514812 -30.499998 0.836087 0.618696 -1
0 9.965380 37.514812 -30.499998 0.859565 0.618696 -1
0 12.504937 21.638235 -30.500000 0.381304 0.163913 -1
0 30.940052 21.638235 -30.500000 0.357826 0.163913 -1
0 30.940052 37.514812 -30.499998 0.357826 0.140435 -1
0 12.504937 37.514812 -30.499998 0.381304 0.140435 -1
0 -37.514812 21.638237 -30.500000 0.424783 0.163913 -1
0 -31.584635 21.638235 -30.500000 0.401304 0.163913 -1
0 -31.584635 37.514812 -30.499998 0.401304 0.140435 -1
0 -37.514812 37.514812 -30.499998 0.424783 0.140435 -1
0 -12.504937 21.638235 -30.500000 0.859565 0.598696 -1
0 -9.968236 21.638235 -30.500000 0.836087 0.598696 -1
0 -9.968236 37.514812 -30.499998 0.836087 0.575217 -1
0 -12.504937 37.514812 -30.499998 0.859565 0.575217 -1
0 -9.968236 21.638235 -30.500000 0.468261 0.163913 -1
0 9.965380 21.638235 -30.500000 0.444783 0.163913 -1
0 9.965380 37.514812 -30.499998 0.444783 0.140435 -1
0 -9.968236 37.514812 -30.499998 0.468261 0.140435 -1
0 -9.968236 -37.514812 -30.500002 0.163913 0.357826 -1
0 9.965380 -37.514812 -30.500002 0.163913 0.381304 -1
0 9.965380 5.761661 -30.500000 0.096957 0.381304 -1
0 -9.968236 5.761661 -30.500000 0.096957 0.357826 -1
0 -12.504937 -37.514812 -30.500002 0.642174 0.729130 -1
0 -9.968236 -37.514812 -30.500002 0.618696 0.729130 -1
0 -9.968236 5.761661 -30.500000 0.618696 0.662174 -1
0 -12.504937 5.761661 -30.500000 0.642174 0.662174 -1
0 -37.514812 -37.514812 -30.500002 0.511739 0.401304 -1
0 -31.584635 -37.514812 -30.500002 0.511739 0.424783 -1
0 -31.584635 5.761661 -30.500000 0.444783 0.424783 -1
0 -37.514812 5.761661 -30.500000 0.444783 0.401304 -1
0 12.504937 -37.514812 -30.500002 0.598696 0.642174 -1
0 30.940052 -37.514812 -30.500002 0.575217 0.642174 -1
0 30.940052 5.761661 -30.500000 0.575217 0.575217 -1
0 12.504937 5.761661 -30.500000 0.598696 0.575217 -1
0 9.965380 -37.514812 -30.500002 0.424783 0.401304 -1
0 12.504937 -37.514812 -30.500002 0.424783 0.424783 -1
0 12.504937 5.761661 -30.500000 0.357826 0.424783 -1
0 9.965380 5.761661 -30.500000 0.357826 0.401304 -1
0 -31.584635 -37.514812 -30.500002 0.598696 0.729130 -1
0 -12.504937 -37.514812 -30.500002 0.575217 0.729130 -1
0 -12.504937 5.761661 -30.500000 0.575217 0.662174 -1
0 -31.584635 5.761661 -30.500000 0.598696 0.662174 -1
0 30.940052 -37.514812 -30.500002 0.337826 0.401304 -1
0 37.514812 -37.514812 -30.500002 0.337826 0.424783 -1
0 37.514812 5.761661 -30.500000 0.270870 0.424783 -1
0 30.940052 5.761661 -30.500000 0.270870 0.401304 -1
0 -12.504937 9.730803 -30.500000 0.859565 0.381304 -1
0 -9.968236 9.730803 -30.500000 0.836087 0.381304 -1
0 -9.968236 21.638235 -30.500000 0.836087 0.357826 -1
0 -12.504937 21.638235 -30.500000 0.859565 0.357826 -1
0 -37.514812 9.730803 -30.500000 0.642174 0.163913 -1
0 -31.584635 9.730803 -30.500000 0.618696 0.163913 -1
0 -31.584635 21.638235 -30.500000 0.618696 0.140435 -1
0 -37.514812 21.638237 -30.500000 0.642174 0.140435 -1
0 9.965380 9.730803 -30.500000 0.859565 0.337826 -1
0 12.504937 9.730803 -30.500000 0.836087 0.337826 -1
0 12.504937 21.638235 -30.500000 0.836087 0.314348 -1
0 9.965380 21.638235 -30.500000 0.859565 0.314348 -1
0 30.940052 9.730803 -30.500000 0.685652 0.163913 -1
0 37.514812 9.730803 -30.500000 0.662174 0.163913 -1
0 37.514812 21.638235 -30.500000 0.662174 0.140435 -1
0 30.940052 21.638235 -30.500000 0.685652 0.140435 -1
0 -12.504937 9.135432 -30.000000 0.859565 0.294348 -1
0 -12.504937 5.761661 -30.000000 0.836087 0.294348 -1
0 -12.504937 5.761661 -30.500000 0.836087 0.270870 -1
0 -12.504937 9.135432 -30.500000 0.859565 0.270870 -1
0 12.504937 9.730803 -30.000000 0.729130 0.163913 -1
0 12.504937 21.638235 -30.000000 0.705652 0.163913 -1
0 12.504937 21.638235 -30.500000 0.705652 0.140435 -1
0 12.504937 9.730803 -30.500000 0.729130 0.140435 -1
0 -12.504937 37.514812 -29.999998 0.859565 0.250870 -1
0 -31.584635 37.514812 -29.999998 0.836087 0.250870 -1
0 -31.584635 37.514812 -30.499998 0.836087 0.227391 -1
0 -12.504937 37.514812 -30.499998 0.859565 0.227391 -1
0 30.940052 9.135432 -30.000000 0.772609 0.163913 -1
0 30.940052 5.761661 -30.000000 0.749130 0.163913 -1
0 30.940052 5.761661 -30.500000 0.749130 0.140435 -1
0 30.940052 9.135432 -30.500000 0.772609 0.140435 -1
0 -37.514812 9.135432 -30.500000 0.816087 0.163913 -1
0 -37.514812 9.730803 -30.500000 0.792609 0.163913 -1
0 -77.514816 9.730803 -30.500000 0.792609 0.140435 -1
0 -77.514816 9.135432 -30.500000 0.816087 0.140435 -1
0 -37.514812 -37.514812 -30.000002 0.859565 0.207391 -1
0 -31.584635 -37.514812 -30.000002 0.836087 0.207391 -1
0 -31.584635 -37.514812 -30.500002 0.836087 0.183913 -1
0 -37.514812 -37.514812 -30.500002 0.859565 0.183913 -1
0 -31.584635 9.730803 -30.000000 0.859565 0.163913 -1
0 -31.584635 21.638235 -30.000000 0.836087 0.163913 -1
0 -31.584635 21.638235 -30.500000 0.836087 0.140435 -1
0 -31.584635 9.730803 -30.500000 0.859565 0.140435 -1
0 30.940052 -37.514812 -30.000002 0.033478 0.120435 -1
0 37.514812 -37.514812 -30.000002 0.010000 0.120435 -1
0 37.514812 -37.514812 -30.500002 0.010000 0.096957 -1
0 30.940052 -37.514812 -30.500002 0.033478 0.096957 -1
0 -9.968236 9.730803 -30.000000 0.903043 0.990000 -1
0 -9.968236 21.638235 -30.000000 0.879565 0.990000 -1
0 -9.968236 21.638235 -30.500000 0.879565 0.966522 -1
0 -9.968236 9.730803 -30.500000 0.903043 0.966522 -1
0 37.514812 9.730803 -30.500000 0.076957 0.120435 -1
0 37.514812 9.135432 -30.500000 0.053478 0.120435 -1
0 77.514816 9.135432 -30.500000 0.053478 0.096957 -1
0 77.514816 9.730803 -30.500000 0.076957 0.096957 -1
0 -12.504937 -37.514812 -30.000002 0.903043 0.946522 -1
0 -9.968236 -37.514812 -30.000002 0.879565 0.946522 -1
0 -9.968236 -37.514812 -30.500002 0.879565 0.923043 -1
0 -12.504937 -37.514812 -30.500002 0.903043 0.923043 -1
0 9.965380 9.135432 -30.000000 0.120435 0.120435 -1
0 9.965380 5.761661 -30.000000 0.096957 0.120435 -1
0 9.965380 5.761661 -30.500000 0.096957 0.096957 -1
0 9.965380 9.135432 -30.500000 0.120435 0.096957 -1
0 -31.584635 37.514812 -29.999998 0.903043 0.903043 -1
0 -37.514812 37.514812 -29.999998 0.879565 0.903043 -1
0 -37.514812 37.514812 -30.499998 0.879565 0.879565 -1
0 -31.584635 37.514812 -30.499998 0.903043 0.879565 -1
0 9.965380 5.761661 -30.000000 0.903043 0.859565 -1
0 -9.968236 5.761661 -30.000000 0.879565 0.859565 -1
0 -9.968236 5.761661 -30.500000 0.879565 0.836087 -1
0 9.965380 5.761661 -30.500000 0.903043 0.836087 -1
0 9.965380 37.514812 -29.999998 0.163913 0.120435 -1
0 -9.968236 37.514812 -29.999998 0.140435 0.120435 -1
0 -9.968236 37.514812 -30.499998 0.140435 0.096957 -1
0 9.965380 37.514812 -30.499998 0.163913 0.096957 -1
0 -37.514812 9.730803 -30.500000 0.903043 0.816087 -1
0 -37.514812 21.638237 -30.500000 0.879565 0.816087 -1
0 -77.514816 21.638237 -30.500000 0.879565 0.792609 -1
0 -77.514816 9.730803 -30.500000 0.903043 0.792609 -1
0 -31.584635 -37.514812 -30.000002 0.207391 0.120435 -1
0 -12.504937 -37.514812 -30.000002 0.183913 0.120435 -1
0 -12.504937 -37.514812 -30.500002 0.183913 0.096957 -1
0 -31.584635 -37.514812 -30.500002 0.207391 0.096957 -1
0 -9.968236 21.638235 -30.000000 0.250870 0.120435 -1
0 9.965380 21.638235 -30.000000 0.227391 0.120435 -1
0 9.965380 21.638235 -30.500000 0.227391 0.096957 -1
0 -9.968236 21.638235 -30.500000 0.250870 0.096957 -1
0 9.965380 -37.514812 -30.000002 0.903043 0.772609 -1
0 12.504937 -37.514812 -30.000002 0.879565 0.772609 -1
0 12.504937 -37.514812 -30.500002 0.879565 0.749130 -1
0 9.965380 -37.514812 -30.500002 0.903043 0.749130 -1
0 -9.968236 -37.514812 -30.000002 0.294348 0.120435 -1
0 9.965380 -37.514812 -30.000002 0.270870 0.120435 -1
0 9.965380 -37.514812 -30.500002 0.270870 0.096957 -1
0 -9.968236 -37.514812 -30.500002 0.294348 0.096957 -1
0 30.940052 37.514812 -29.999998 0.903043 0.729130 -1
0 12.504937 37.514812 -29.999998 0.879565 0.729130 -1
0 12.504937 37.514812 -30.499998 0.879565 0.705652 -1
0 30.940052 37.514812 -30.499998 0.903043 0.705652 -1
0 30.940052 5.761661 -30.000000 0.337826 0.120435 -1
0 12.504937 5.761661 -30.000000 0.314348 0.120435 -1
0 12.504937 5.761661 -30.500000 0.314348 0.096957 -1
0 30.940052 5.761661 -30.500000 0.337826 0.096957 -1
0 12.504937 37.514812 -29.999998 0.903043 0.685652 -1
0 9.965380 37.514812 -29.999998 0.879565 0.685652 -1
0 9.965380 37.514812 -30.499998 0.879565 0.662174 -1
0 12.504937 37.514812 -30.499998 0.903043 0.662174 -1
0 -9.968236 37.514812 -29.999998 0.903043 0.642174 -1
0 -12.504937 37.514812 -29.999998 0.879565 0.642174 -1
0 -12.504937 37.514812 -30.499998 0.879565 0.618696 -1
0 -9.968236 37.514812 -30.499998 0.903043 0.618696 -1
0 12.504937 21.638235 -30.000000 0.381304 0.120435 -1
0 30.940052 21.638235 -30.000000 0.357826 0.120435 -1
0 30.940052 21.638235 -30.500000 0.357826 0.096957 -1
0 12.504937 21.638235 -30.500000 0.381304 0.096957 -1
0 -12.504937 5.761661 -30.000000 0.424783 0.120435 -1
0 -31.584635 5.761661 -30.000000 0.401304 0.120435 -1
0 -31.584635 5.761661 -30.500000 0.401304 0.096957 -1
0 -12.504937 5.761661 -30.500000 0.424783 0.096957 -1
0 -37.514812 9.135432 -30.000000 0.903043 0.598696 -1
0 -37.514812 5.761661 -30.000000 0.879565 0.598696 -1
0 -77.514816 5.761661 -30.000000 0.879565 0.575217 -1
0 -77.514816 9.135432 -30.000000 0.903043 0.575217 -1
0 37.514812 21.638235 -30.000000 0.468261 0.120435 -1
0 37.514812 37.514812 -29.999998 0.444783 0.120435 -1
0 77.514816 37.514812 -29.999998 0.444783 0.096957 -1
0 77.514816 21.638235 -30.000000 0.468261 0.096957 -1
0 -31.584635 21.638235 -30.000000 0.903043 0.555217 -1
0 -12.504937 21.638235 -30.000000 0.879565 0.555217 -1
0 -12.504937 21.638235 -30.500000 0.879565 0.531739 -1
0 -31.584635 21.638235 -30.500000 0.903043 0.531739 -1
0 12.504937 -37.514812 -30.000002 0.511739 0.120435 -1
0 30.940052 -37.514812 -30.000002 0.488261 0.120435 -1
0 30.940052 -37.514812 -30.500002 0.488261 0.096957 -1
0 12.504937 -37.514812 -30.500002 0.511739 0.096957 -1
0 37.514812 37.514812 -29.999998 0.903043 0.511739 -1
0 37.514812 37.514812 -30.499998 0.879565 0.511739 -1
0 77.514816 37.514812 -30.499998 0.879565 0.488261 -1
0 77.514816 37.514812 -29.999998 0.903043 0.488261 -1
0 37.514812 37.514812 -29.999998 0.903043 0.468261 -1
0 30.940052 37.514812 -29.999998 0.879565 0.468261 -1
0 30.940052 37.514812 -30.499998 0.879565 0.444783 -1
0 37.514812 37.514812 -30.499998 0.903043 0.444783 -1
0 -37.514812 9.730803 -30.000000 0.555217 0.120435 -1
0 -37.514812 9.135432 -30.000000 0.531739 0.120435 -1
0 -77.514816 9.135432 -30.000000 0.531739 0.096957 -1
0 -77.514816 9.730803 -30.000000 0.555217 0.096957 -1
0 -31.584635 9.135432 -30.000000 0.598696 0.120435 -1
0 -31.584635 9.730803 -30.000000 0.575217 0.120435 -1
0 -31.584635 9.730803 -30.500000 0.575217 0.096957 -1
0 -31.584635 9.135432 -30.500000 0.598696 0.096957 -1
0 -37.514812 9.135432 -30.500000 0.903043 0.424783 -1
0 -31.584635 9.135432 -30.500000 0.879565 0.424783 -1
0 -31.584635 9.730803 -30.500000 0.879565 0.401304 -1
0 -37.514812 9.730803 -30.500000 0.903043 0.401304 -1
0 -37.514812 9.135432 -30.000000 0.903043 0.381304 -1
0 -37.514812 9.730803 -30.000000 0.879565 0.381304 -1
0 -31.584635 9.730803 -30.000000 0.879565 0.357826 -1
0 -31.584635 9.135432 -30.000000 0.903043 0.357826 -1
0 -9.968236 9.135432 -30.000000 0.642174 0.120435 -1
0 -9.968236 9.730803 -30.000000 0.618696 0.120435 -1
0 -9.968236 9.730803 -30.500000 0.618696 0.096957 -1
0 -9.968236 9.135432 -30.500000 0.642174 0.096957 -1
0 -12.504937 21.638235 -30.000000 0.685652 0.120435 -1
0 -12.504937 9.730803 -30.000000 0.662174 0.120435 -1
0 -12.504937 9.730803 -30.500000 0.662174 0.096957 -1
0 -12.504937 21.638235 -30.500000 0.685652 0.096957 -1
0 -12.504937 9.135432 -30.500000 0.903043 0.337826 -1
0 -9.968236 9.135432 -30.500000 0.879565 0.337826 -1
0 -9.968236 9.730803 -30.500000 0.879565 0.314348 -1
0 -12.504937 9.730803 -30.500000 0.903043 0.314348 -1
0 -12.504937 9.135432 -30.000000 0.729130 0.120435 -1
0 -12.504937 9.730803 -30.000000 0.705652 0.120435 -1
0 -9.968236 9.730803 -30.000000 0.705652 0.096957 -1
0 -9.968236 9.135432 -30.000000 0.729130 0.096957 -1
0 9.965380 21.638235 -30.000000 0.903043 0.294348 -1
0 9.965380 9.730803 -30.000000 0.879565 0.294348 -1
0 9.965380 9.730803 -30.500000 0.879565 0.270870 -1
0 9.965380 21.638235 -30.500000 0.903043 0.270870 -1
0 12.504937 9.730803 -30.500000 0.772609 0.120435 -1
0 12.504937 9.135432 -30.500000 0.749130 0.120435 -1
0 12.504937 9.135432 -30.500000 0.749130 0.096957 -1
0 12.504937 9.730803 -30.500000 0.772609 0.096957 -1
0 9.965380 9.135432 -30.500000 0.903043 0.250870 -1
0 12.504937 9.135432 -30.500000 0.879565 0.250870 -1
0 12.504937 9.730803 -30.500000 0.879565 0.227391 -1
0 9.965380 9.730803 -30.500000 0.903043 0.227391 -1
0 9.965380 9.135432 -30.000000 0.903043 0.207391 -1
0 9.965380 9.730803 -30.000000 0.879565 0.207391 -1
0 12.504937 9.730803 -30.000000 0.879565 0.183913 -1
0 12.504937 9.135432 -30.000000 0.903043 0.183913 -1
0 37.514812 5.761661 -30.000000 0.816087 0.120435 -1
0 37.514812 9.135432 -30.000000 0.792609 0.120435 -1
0 77.514816 9.135432 -30.000000 0.792609 0.096957 -1
0 77.514816 5.761661 -30.000000 0.816087 0.096957 -1
0 30.940052 21.638235 -30.000000 0.859565 0.120435 -1
0 30.940052 9.730803 -30.000000 0.836087 0.120435 -1
0 30.940052 9.730803 -30.500000 0.836087 0.096957 -1
0 30.940052 21.638235 -30.500000 0.859565 0.096957 -1
0 30.940052 9.135432 -30.500000 0.903043 0.163913 -1
0 37.514812 9.135432 -30.500000 0.879565 0.163913 -1
0 37.514812 9.730803 -30.500000 0.879565 0.140435 -1
0 30.940052 9.730803 -30.500000 0.903043 0.140435 -1
0 30.940052 9.135432 -30.000000 0.903043 0.120435 -1
0 30.940052 9.730803 -30.000000 0.879565 0.120435 -1
0 37.514812 9.730803 -30.000000 0.879565 0.096957 -1
0 37.514812 9.135432 -30.000000 0.903043 0.096957 -1
0 -37.514812 5.761661 -30.000000 0.946522 0.990000 -1
0 -37.514812 9.135432 -30.000000 0.923043 0.990000 -1
0 -31.584635 9.135432 -30.000000 0.923043 0.966522 -1
0 -31.584635 5.761661 -30.000000 0.946522 0.966522 -1
0 -37.514812 5.761661 -30.500000 0.033478 0.076957 -1
0 -31.584635 5.761661 -30.500000 0.010000 0.076957 -1
0 -31.584635 9.135432 -30.500000 0.010000 0.053478 -1
0 -37.514812 9.135432 -30.500000 0.033478 0.053478 -1
0 -31.584635 5.761661 -30.000000 0.076957 0.076957 -1
0 -31.584635 9.135432 -30.000000 0.053478 0.076957 -1
0 -31.584635 9.135432 -30.500000 0.053478 0.053478 -1
0 -31.584635 5.761661 -30.500000 0.076957 0.053478 -1
0 -37.514812 37.514812 -30.499998 0.946522 0.946522 -1
0 -37.514812 37.514812 -29.999998 0.923043 0.946522 -1
0 -77.514816 37.514812 -29.999998 0.923043 0.923043 -1
0 -77.514816 37.514812 -30.499998 0.946522 0.923043 -1
0 -12.504937 5.761661 -30.000000 0.946522 0.903043 -1
0 -12.504937 9.135432 -30.000000 0.923043 0.903043 -1
0 -9.968236 9.135432 -30.000000 0.923043 0.879565 -1
0 -9.968236 5.761661 -30.000000 0.946522 0.879565 -1
0 -12.504937 5.761661 -30.500000 0.120435 0.076957 -1
0 -9.968236 5.761661 -30.500000 0.096957 0.076957 -1
0 -9.968236 9.135432 -30.500000 0.096957 0.053478 -1
0 -12.504937 9.135432 -30.500000 0.120435 0.053478 -1
0 -9.968236 5.761661 -30.000000 0.163913 0.076957 -1
0 -9.968236 9.135432 -30.000000 0.140435 0.076957 -1
0 -9.968236 9.135432 -30.500000 0.140435 0.053478 -1
0 -9.968236 5.761661 -30.500000 0.163913 0.053478 -1
0 -12.504937 9.135432 -30.000000 0.946522 0.859565 -1
0 -12.504937 9.135432 -30.500000 0.923043 0.859565 -1
0 -32.245163 9.135432 -30.500000 0.923043 0.836087 -1
0 -32.245163 9.135432 -30.000000 0.946522 0.836087 -1
0 9.965380 5.761661 -30.000000 0.946522 0.816087 -1
0 9.965380 9.135432 -30.000000 0.923043 0.816087 -1
0 12.504937 9.135432 -30.000000 0.923043 0.792609 -1
0 12.504937 5.761661 -30.000000 0.946522 0.792609 -1
0 9.965380 5.761661 -30.500000 0.207391 0.076957 -1
0 12.504937 5.761661 -30.500000 0.183913 0.076957 -1
0 12.504937 9.135432 -30.500000 0.183913 0.053478 -1
0 9.965380 9.135432 -30.500000 0.207391 0.053478 -1
0 12.504937 5.761661 -30.000000 0.946522 0.772609 -1
0 12.504937 9.135432 -30.000000 0.923043 0.772609 -1
0 12.504937 9.135432 -30.500000 0.923043 0.749130 -1
0 12.504937 5.761661 -30.500000 0.946522 0.749130 -1
0 9.965380 9.135432 -30.000000 0.250870 0.076957 -1
0 9.965380 9.135432 -30.500000 0.227391 0.076957 -1
0 -10.055113 9.135432 -30.500000 0.227391 0.053478 -1
0 -10.055113 9.135432 -30.000000 0.250870 0.053478 -1
0 30.940052 5.761661 -30.000000 0.946522 0.729130 -1
0 30.940052 9.135432 -30.000000 0.923043 0.729130 -1
0 37.514812 9.135432 -30.000000 0.923043 0.705652 -1
0 37.514812 5.761661 -30.000000 0.946522 0.705652 -1
0 30.940052 5.761661 -30.500000 0.294348 0.076957 -1
0 37.514812 5.761661 -30.500000 0.270870 0.076957 -1
0 37.514812 9.135432 -30.500000 0.270870 0.053478 -1
0 30.940052 9.135432 -30.500000 0.294348 0.053478 -1
0 37.514812 -37.514812 -30.500002 0.946522 0.685652 -1
0 37.514812 -37.514812 -30.000002 0.923043 0.685652 -1
0 77.514816 -37.514812 -30.000002 0.923043 0.662174 -1
0 77.514816 -37.514812 -30.500002 0.946522 0.662174 -1
0 30.940052 9.730803 -30.500000 0.337826 0.076957 -1
0 30.940052 9.730803 -30.000000 0.314348 0.076957 -1
0 30.940052 9.730803 -30.000000 0.314348 0.053478 -1
0 30.940052 9.730803 -30.500000 0.337826 0.053478 -1
0 12.504937 9.730803 -30.000000 0.381304 0.076957 -1
0 12.504937 9.730803 -30.500000 0.357826 0.076957 -1
0 30.976032 9.730803 -30.500000 0.357826 0.053478 -1
0 30.976032 9.730803 -30.000000 0.381304 0.053478 -1
0 30.940052 9.730803 -30.000000 0.946522 0.642174 -1
0 30.940052 9.135432 -30.000000 0.923043 0.642174 -1
0 30.940052 9.135432 -30.500000 0.923043 0.618696 -1
0 30.940052 9.730803 -30.500000 0.946522 0.618696 -1
0 30.940052 9.135432 -30.500000 0.424783 0.076957 -1
0 30.940052 9.730803 -30.500000 0.401304 0.076957 -1
0 30.940052 9.730803 -30.500000 0.401304 0.053478 -1
0 30.940052 9.135432 -30.500000 0.424783 0.053478 -1
0 12.504937 9.135432 -30.000000 0.946522 0.598696 -1
0 12.504937 9.730803 -30.000000 0.923043 0.598696 -1
0 12.504937 9.730803 -30.000000 0.923043 0.575217 -1
0 12.504937 9.135432 -30.000000 0.946522 0.575217 -1
0 30.940052 9.730803 -30.000000 0.946522 0.555217 -1
0 30.940052 9.135432 -30.000000 0.923043 0.555217 -1
0 30.940052 9.135432 -30.000000 0.923043 0.531739 -1
0 30.940052 9.730803 -30.000000 0.946522 0.531739 -1
0 12.504937 9.135432 -30.500000 0.468261 0.076957 -1
0 12.504937 9.135432 -30.000000 0.444783 0.076957 -1
0 12.504937 9.135432 -30.000000 0.444783 0.053478 -1
0 12.504937 9.135432 -30.500000 0.468261 0.053478 -1
0 12.504937 9.730803 -30.000000 0.511739 0.076957 -1
0 12.504937 9.730803 -30.500000 0.488261 0.076957 -1
0 12.504937 9.730803 -30.500000 0.488261 0.053478 -1
0 12.504937 9.730803 -30.000000 0.511739 0.053478 -1
0 30.940052 9.135432 -30.000000 0.946522 0.511739 -1
0 30.940052 9.135432 -30.500000 0.923043 0.511739 -1
0 30.940052 9.135432 -30.500000 0.923043 0.488261 -1
0 30.940052 9.135432 -30.000000 0.946522 0.488261 -1
0 30.976032 9.135432 -30.000000 0.946522 0.468261 -1
0 30.976032 9.730803 -30.000000 0.923043 0.468261 -1
0 30.976032 9.730803 -30.500000 0.923043 0.444783 -1
0 30.976032 9.135432 -30.500000 0.946522 0.444783 -1
0 12.504937 9.135432 -30.000000 0.555217 0.076957 -1
0 12.504937 9.730803 -30.000000 0.531739 0.076957 -1
0 30.976032 9.730803 -30.000000 0.531739 0.053478 -1
0 30.976032 9.135432 -30.000000 0.555217 0.053478 -1
0 12.504937 9.730803 -30.500000 0.598696 0.076957 -1
0 12.504937 9.135432 -30.500000 0.575217 0.076957 -1
0 30.976032 9.135432 -30.500000 0.575217 0.053478 -1
0 30.976032 9.730803 -30.500000 0.598696 0.053478 -1
0 12.504937 9.135432 -30.500000 0.946522 0.424783 -1
0 12.504937 9.135432 -30.000000 0.923043 0.424783 -1
0 30.976032 9.135432 -30.000000 0.923043 0.401304 -1
0 30.976032 9.135432 -30.500000 0.946522 0.401304 -1
0 -10.055113 9.730803 -30.000000 0.642174 0.076957 -1
0 -10.055113 9.135432 -30.000000 0.618696 0.076957 -1
0 -10.055113 9.135432 -30.500000 0.618696 0.053478 -1
0 -10.055113 9.730803 -30.500000 0.642174 0.053478 -1
0 9.965380 9.730803 -30.500000 0.946522 0.381304 -1
0 9.965380 9.730803 -30.000000 0.923043 0.381304 -1
0 -10.055113 9.730803 -30.000000 0.923043 0.357826 -1
0 -10.055113 9.730803 -30.500000 0.946522 0.357826 -1
0 9.965380 9.135432 -30.500000 0.685652 0.076957 -1
0 9.965380 9.730803 -30.500000 0.662174 0.076957 -1
0 -10.055113 9.730803 -30.500000 0.662174 0.053478 -1
0 -10.055113 9.135432 -30.500000 0.685652 0.053478 -1
0 9.965380 9.730803 -30.000000 0.946522 0.337826 -1
0 9.965380 9.135432 -30.000000 0.923043 0.337826 -1
0 -10.055113 9.135432 -30.000000 0.923043 0.314348 -1
0 -10.055113 9.730803 -30.000000 0.946522 0.314348 -1
0 -32.245163 9.730803 -30.000000 0.729130 0.076957 -1
0 -32.245163 9.135432 -30.000000 0.705652 0.076957 -1
0 -32.245163 9.135432 -30.500000 0.705652 0.053478 -1
0 -32.245163 9.730803 -30.500000 0.729130 0.053478 -1
0 -12.504937 9.135432 -30.500000 0.946522 0.294348 -1
0 -12.504937 9.730803 -30.500000 0.923043 0.294348 -1
0 -32.245163 9.730803 -30.500000 0.923043 0.270870 -1
0 -32.245163 9.135432 -30.500000 0.946522 0.270870 -1
0 -12.504937 9.730803 -30.000000 0.946522 0.250870 -1
0 -12.504937 9.135432 -30.000000 0.923043 0.250870 -1
0 -32.245163 9.135432 -30.000000 0.923043 0.227391 -1
0 -32.245163 9.730803 -30.000000 0.946522 0.227391 -1
0 -12.504937 9.730803 -30.500000 0.772609 0.076957 -1
0 -12.504937 9.730803 -30.000000 0.749130 0.076957 -1
0 -32.245163 9.730803 -30.000000 0.749130 0.053478 -1
0 -32.245163 9.730803 -30.500000 0.772609 0.053478 -1
0 -77.514816 5.761661 -30.000000 0.598696 0.749130 -1
0 -77.514816 -37.514812 -30.000002 0.598696 0.816087 -1
0 -77.514816 -37.514812 -30.500002 0.575217 0.816087 -1
0 -77.514816 5.761661 -30.500000 0.575217 0.749130 -1
0 -77.514816 37.514812 -29.999998 0.946522 0.207391 -1
0 -77.514816 21.638237 -30.000000 0.923043 0.207391 -1
0 -77.514816 21.638237 -30.500000 0.923043 0.183913 -1
0 -77.514816 37.514812 -30.499998 0.946522 0.183913 -1
0 -77.514816 9.135432 -30.000000 0.859565 0.076957 -1
0 -77.514816 5.761661 -30.000000 0.836087 0.076957 -1
0 -77.514816 5.761661 -30.500000 0.836087 0.053478 -1
0 -77.514816 9.135432 -30.500000 0.859565 0.053478 -1
0 -77.514816 21.638237 -30.000000 0.946522 0.163913 -1
0 -77.514816 9.730803 -30.000000 0.923043 0.163913 -1
0 -77.514816 9.730803 -30.500000 0.923043 0.140435 -1
0 -77.514816 21.638237 -30.500000 0.946522 0.140435 -1
0 -77.514816 9.730803 -30.000000 0.946522 0.120435 -1
0 -77.514816 9.135432 -30.000000 0.923043 0.120435 -1
0 -77.514816 9.135432 -30.500000 0.923043 0.096957 -1
0 -77.514816 9.730803 -30.500000 0.946522 0.096957 -1
0 -37.514812 5.761661 -30.500000 0.903043 0.076957 -1
0 -37.514812 9.135432 -30.500000 0.879565 0.076957 -1
0 -77.514816 9.135432 -30.500000 0.879565 0.053478 -1
0 -77.514816 5.761661 -30.500000 0.903043 0.053478 -1
0 -37.514812 37.514812 -29.999998 0.946522 0.076957 -1
0 -37.514812 21.638237 -30.000000 0.923043 0.076957 -1
0 -77.514816 21.638237 -30.000000 0.923043 0.053478 -1
0 -77.514816 37.514812 -29.999998 0.946522 0.053478 -1
0 -37.514812 -37.514812 -30.000002 0.033478 0.033478 -1
0 -37.514812 -37.514812 -30.500002 0.010000 0.033478 -1
0 -77.514816 -37.514812 -30.500002 0.010000 0.010000 -1
0 -77.514816 -37.514812 -30.000002 0.033478 0.010000 -1
0 -37.514812 5.761661 -30.000000 0.183913 0.401304 -1
0 -37.514812 -37.514812 -30.000002 0.250870 0.401304 -1
0 -77.514816 -37.514812 -30.000002 0.250870 0.424783 -1
0 -77.514816 5.761661 -30.000000 0.183913 0.424783 -1
0 -37.514812 21.638237 -30.000000 0.990000 0.946522 -1
0 -37.514812 9.730803 -30.000000 0.966522 0.946522 -1
0 -77.514816 9.730803 -30.000000 0.966522 0.923043 -1
0 -77.514816 21.638237 -30.000000 0.990000 0.923043 -1
0 -37.514812 21.638237 -30.500000 0.076957 0.033478 -1
0 -37.514812 37.514812 -30.499998 0.053478 0.033478 -1
0 -77.514816 37.514812 -30.499998 0.053478 0.010000 -1
0 -77.514816 21.638237 -30.500000 0.076957 0.010000 -1
0 -37.514812 -37.514812 -30.500002 0.555217 0.575217 -1
0 -37.514812 5.761661 -30.500000 0.555217 0.642174 -1
0 -77.514816 5.761661 -30.500000 0.531739 0.642174 -1
0 -77.514816 -37.514812 -30.500002 0.531739 0.575217 -1
0 77.514816 21.638235 -30.000000 0.120435 0.033478 -1
0 77.514816 37.514812 -29.999998 0.096957 0.033478 -1
0 77.514816 37.514812 -30.499998 0.096957 0.010000 -1
0 77.514816 21.638235 -30.500000 0.120435 0.010000 -1
0 77.514816 -37.514812 -30.000002 0.096957 0.444783 -1
0 77.514816 5.761661 -30.000000 0.163913 0.444783 -1
0 77.514816 5.761661 -30.500000 0.163913 0.468261 -1
0 77.514816 -37.514812 -30.500002 0.096957 0.468261 -1
0 77.514816 9.730803 -30.000000 0.163913 0.033478 -1
0 77.514816 21.638235 -30.000000 0.140435 0.033478 -1
0 77.514816 21.638235 -30.500000 0.140435 0.010000 -1
0 77.514816 9.730803 -30.500000 0.163913 0.010000 -1
0 77.514816 9.135432 -30.000000 0.207391 0.033478 -1
0 77.514816 9.730803 -30.000000 0.183913 0.033478 -1
0 77.514816 9.730803 -30.500000 0.183913 0.010000 -1
0 77.514816 9.135432 -30.500000 0.207391 0.010000 -1
0 77.514816 5.761661 -30.000000 0.990000 0.816087 -1
0 77.514816 9.135432 -30.000000 0.966522 0.816087 -1
0 77.514816 9.135432 -30.500000 0.966522 0.792609 -1
0 77.514816 5.761661 -30.500000 0.990000 0.792609 -1
0 37.514812 -37.514812 -30.000002 0.598696 0.836087 -1
0 37.514812 5.761661 -30.000000 0.598696 0.903043 -1
0 77.514816 5.761661 -30.000000 0.575217 0.903043 -1
0 77.514816 -37.514812 -30.000002 0.575217 0.836087 -1
0 37.514812 37.514812 -30.499998 0.990000 0.772609 -1
0 37.514812 21.638235 -30.500000 0.966522 0.772609 -1
0 77.514816 21.638235 -30.500000 0.966522 0.749130 -1
0 77.514816 37.514812 -30.499998 0.990000 0.749130 -1
0 37.514812 9.730803 -30.000000 0.294348 0.033478 -1
0 37.514812 21.638235 -30.000000 0.270870 0.033478 -1
0 77.514816 21.638235 -30.000000 0.270870 0.010000 -1
0 77.514816 9.730803 -30.000000 0.294348 0.010000 -1
0 37.514812 9.135432 -30.500000 0.990000 0.729130 -1
0 37.514812 5.761661 -30.500000 0.966522 0.729130 -1
0 77.514816 5.761661 -30.500000 0.966522 0.705652 -1
0 77.514816 9.135432 -30.500000 0.990000 0.705652 -1
0 37.514812 9.135432 -30.000000 0.337826 0.033478 -1
0 37.514812 9.730803 -30.000000 0.314348 0.033478 -1
0 77.514816 9.730803 -30.000000 0.314348 0.010000 -1
0 77.514816 9.135432 -30.000000 0.337826 0.010000 -1
0 37.514812 5.761661 -30.500000 0.444783 0.314348 -1
0 37.514812 -37.514812 -30.500002 0.511739 0.314348 -1
0 77.514816 -37.514812 -30.500002 0.511739 0.337826 -1
0 77.514816 5.761661 -30.500000 0.444783 0.337826 -1
0 37.514812 21.638235 -30.500000 0.990000 0.642174 -1
0 37.514812 9.730803 -30.500000 0.966522 0.642174 -1
0 77.514816 9.730803 -30.500000 0.966522 0.618696 -1
0 77.514816 21.638235 -30.500000 0.990000 0.618696 -1
6
0.000000 -1.000000 -0.000000
0.000000 0.000000 -1.000000
0.000000 -0.000000 1.000000
1.000000 0.000000 0.000000
-1.000000 0.000000 0.000000
0.000000 1.000000 0.000000
290
0 0 1 2 0 0 0 1
0 0 2 3 0 0 0 1
0 4 5 6 1 1 1 1
0 4 6 7 1 1 1 1
0 8 9 10 1 1 1 1
0 8 10 11 1 1 1 1
0 12 13 14 1 1 1 1
0 12 14 15 1 1 1 1
0 16 17 18 1 1 1 1
0 16 18 19 1 1 1 1
0 20 21 22 1 1 1 1
0 20 22 23 1 1 1 1
0 24 25 26 1 1 1 1
0 24 26 27 1 1 1 1
0 28 29 30 1 1 1 1
0 28 30 31 1 1 1 1
0 32 33 34 1 1 1 1
0 32 34 35 1 1 1 1
0 36 37 38 1 1 1 1
0 36 38 39 1 1 1 1
0 40 41 42 1 1 1 1
0 40 42 43 1 1 1 1
0 44 45 46 1 1 1 1
0 44 46 47 1 1 1 1
0 48 49 50 1 1 1 1
0 48 50 51 1 1 1 1
0 52 53 54 1 1 1 1
0 52 54 55 1 1 1 1
0 56 57 58 1 1 1 1
0 56 58 59 1 1 1 1
0 60 61 62 1 1 1 1
0 60 62 63 1 1 1 1
0 64 65 66 1 1 1 1
0 64 66 67 1 1 1 1
0 68 69 70 1 1 1 1
0 68 70 71 1 1 1 1
0 72 73 74 1 1 1 1
0 72 74 75 1 1 1 1
0 76 77 78 2 2 2 1
0 76 78 79 2 2 2 1
0 80 81 82 2 2 2 1
0 80 82 83 2 2 2 1
0 84 85 86 2 2 2 1
0 84 86 87 2 2 2 1
0 88 89 90 2 2 2 1
0 88 90 91 2 2 2 1
0 92 93 94 2 2 2 1
0 92 94 95 2 2 2 1
0 96 97 98 2 2 2 1
0 96 98 99 2 2 2 1
0 100 101 102 2 2 2 1
0 100 102 103 2 2 2 1
0 104 105 106 2 2 2 1
0 104 106 107 2 2 2 1
0 108 109 110 2 2 2 1
0 108 110 111 2 2 2 1
0 112 113 114 2 2 2 1
0 112 114 115 2 2 2 1
0 116 117 118 2 2 2 1
0 116 118 119 2 2 2 1
0 120 121 122 2 2 2 1
0 120 122 123 2 2 2 1
0 124 125 126 2 2 2 1
0 124 126 127 2 2 2 1
0 128 129 130 2 2 2 1
0 128 130 131 2 2 2 1
0 132 133 134 2 2 2 1
0 132 134 135 2 2 2 1
0 136 137 138 2 2 2 1
0 136 138 139 2 2 2 1
0 140 141 142 2 2 2 1
0 140 142 143 2 2 2 1
0 144 145 146 2 2 2 1
0 144 146 147 2 2 2 1
0 148 149 150 3 3 3 1
0 148 150 151 3 3 3 1
0 152 153 154 4 4 4 1
0 152 154 155 4 4 4 1
0 156 157 158 0 0 0 1
0 156 158 159 0 0 0 1
0 160 161 162 3 3 3 1
0 160 162 163 3 3 3 1
0 164 165 166 2 2 2 1
0 164 166 167 2 2 2 1
0 168 169 170 5 5 5 1
0 168 170 171 5 5 5 1
0 172 173 174 4 4 4 1
0 172 174 175 4 4 4 1
0 176 177 178 5 5 5 1
0 176 178 179 5 5 5 1
0 180 181 182 4 4 4 1
0 180 182 183 4 4 4 1
0 184 185 186 2 2 2 1
0 184 186 187 2 2 2 1
0 188 189 190 5 5 5 1
0 188 190 191 5 5 5 1
0 192 193 194 3 3 3 1
0 192 194 195 3 3 3 1
0 196 197 198 0 0 0 1
0 196 198 199 0 0 0 1
0 200 201 202 0 0 0 1
0 200 202 203 0 0 0 1
0 204 205 206 0 0 0 1
0 204 206 207 0 0 0 1
0 208 209 210 2 2 2 1
0 208 210 211 2 2 2 1
0 212 213 214 5 5 5 1
0 212 214 215 5 5 5 1
0 216 217 218 5 5 5 1
0 216 218 219 5 5 5 1
0 220 221 222 5 5 5 1
0 220 222 223 5 5 5 1
0 224 225 226 5 5 5 1
0 224 226 227 5 5 5 1
0 228 229 230 0 0 0 1
0 228 230 231 0 0 0 1
0 232 233 234 0 0 0 1
0 232 234 235 0 0 0 1
0 236 237 238 0 0 0 1
0 236 238 239 0 0 0 1
0 240 241 242 0 0 0 1
0 240 242 243 0 0 0 1
0 244 245 246 5 5 5 1
0 244 246 247 5 5 5 1
0 248 249 250 0 0 0 1
0 248 250 251 0 0 0 1
0 252 253 254 1 1 1 1
0 252 254 255 1 1 1 1
0 256 257 258 1 1 1 1
0 256 258 259 1 1 1 1
0 260 261 262 5 5 5 1
0 260 262 263 5 5 5 1
0 264 265 266 5 5 5 1
0 264 266 267 5 5 5 1
0 268 269 270 0 0 0 1
0 268 270 271 0 0 0 1
0 272 273 274 0 0 0 1
0 272 274 275 0 0 0 1
0 276 277 278 1 1 1 1
0 276 278 279 1 1 1 1
0 280 281 282 4 4 4 1
0 280 282 283 4 4 4 1
0 284 285 286 2 2 2 1
0 284 286 287 2 2 2 1
0 288 289 290 1 1 1 1
0 288 290 291 1 1 1 1
0 292 293 294 4 4 4 1
0 292 294 295 4 4 4 1
0 296 297 298 3 3 3 1
0 296 298 299 3 3 3 1
0 300 301 302 2 2 2 1
0 300 302 303 2 2 2 1
0 304 305 306 1 1 1 1
0 304 306 307 1 1 1 1
0 308 309 310 3 3 3 1
0 308 310 311 3 3 3 1
0 312 313 314 2 2 2 1
0 312 314 315 2 2 2 1
0 316 317 318 2 2 2 1
0 316 318 319 2 2 2 1
0 320 321 322 1 1 1 1
0 320 322 323 1 1 1 1
0 324 325 326 1 1 1 1
0 324 326 327 1 1 1 1
0 328 329 330 3 3 3 1
0 328 330 331 3 3 3 1
0 332 333 334 2 2 2 1
0 332 334 335 2 2 2 1
0 336 337 338 1 1 1 1
0 336 338 339 1 1 1 1
0 340 341 342 1 1 1 1
0 340 342 343 1 1 1 1
0 344 345 346 2 2 2 1
0 344 346 347 2 2 2 1
0 348 349 350 4 4 4 1
0 348 350 351 4 4 4 1
0 352 353 354 0 0 0 1
0 352 354 355 0 0 0 1
0 356 357 358 1 1 1 1
0 356 358 359 1 1 1 1
0 360 361 362 2 2 2 1
0 360 362 363 2 2 2 1
0 364 365 366 4 4 4 1
0 364 366 367 4 4 4 1
0 368 369 370 5 5 5 1
0 368 370 371 5 5 5 1
0 372 373 374 1 1 1 1
0 372 374 375 1 1 1 1
0 376 377 378 2 2 2 1
0 376 378 379 2 2 2 1
0 380 381 382 4 4 4 1
0 380 382 383 4 4 4 1
0 384 385 386 5 5 5 1
0 384 386 387 5 5 5 1
0 388 389 390 1 1 1 1
0 388 390 391 1 1 1 1
0 392 393 394 2 2 2 1
0 392 394 395 2 2 2 1
0 396 397 398 5 5 5 1
0 396 398 399 5 5 5 1
0 400 401 402 2 2 2 1
0 400 402 403 2 2 2 1
0 404 405 406 0 0 0 1
0 404 406 407 0 0 0 1
0 408 409 410 3 3 3 1
0 408 410 411 3 3 3 1
0 412 413 414 2 2 2 1
0 412 414 415 2 2 2 1
0 416 417 418 2 2 2 1
0 416 418 419 2 2 2 1
0 420 421 422 2 2 2 1
0 420 422 423 2 2 2 1
0 424 425 426 2 2 2 1
0 424 426 427 2 2 2 1
0 428 429 430 2 2 2 1
0 428 430 431 2 2 2 1
0 432 433 434 2 2 2 1
0 432 434 435 2 2 2 1
0 436 437 438 4 4 4 1
0 436 438 439 4 4 4 1
0 440 441 442 1 1 1 1
0 440 442 443 1 1 1 1
0 444 445 446 2 2 2 1
0 444 446 447 2 2 2 1
0 448 449 450 5 5 5 1
0 448 450 451 5 5 5 1
0 452 453 454 3 3 3 1
0 452 454 455 3 3 3 1
0 456 457 458 0 0 0 1
0 456 458 459 0 0 0 1
0 460 461 462 2 2 2 1
0 460 462 463 2 2 2 1
0 464 465 466 1 1 1 1
0 464 466 467 1 1 1 1
0 468 469 470 3 3 3 1
0 468 470 471 3 3 3 1
0 472 473 474 2 2 2 1
0 472 474 475 2 2 2 1
0 476 477 478 1 1 1 1
0 476 478 479 1 1 1 1
0 480 481 482 0 0 0 1
0 480 482 483 0 0 0 1
0 484 485 486 3 3 3 1
0 484 486 487 3 3 3 1
0 488 489 490 3 3 3 1
0 488 490 491 3 3 3 1
0 492 493 494 3 3 3 1
0 492 494 495 3 3 3 1
0 496 497 498 3 3 3 1
0 496 498 499 3 3 3 1
0 500 501 502 3 3 3 1
0 500 502 503 3 3 3 1
0 504 505 506 2 2 2 1
0 504 506 507 2 2 2 1
0 508 509 510 1 1 1 1
0 508 510 511 1 1 1 1
0 512 513 514 5 5 5 1
0 512 514 515 5 5 5 1
0 516 517 518 1 1 1 1
0 516 518 519 1 1 1 1
0 520 521 522 1 1 1 1
0 520 522 523 1 1 1 1
0 524 525 526 2 2 2 1
0 524 526 527 2 2 2 1
0 528 529 530 2 2 2 1
0 528 530 531 2 2 2 1
0 532 533 534 4 4 4 1
0 532 534 535 4 4 4 1
0 536 537 538 4 4 4 1
0 536 538 539 4 4 4 1
0 540 541 542 4 4 4 1
0 540 542 543 4 4 4 1
0 544 545 546 4 4 4 1
0 544 546 547 4 4 4 1
0 548 549 550 4 4 4 1
0 548 550 551 4 4 4 1
0 552 553 554 1 1 1 1
0 552 554 555 1 1 1 1
0 556 557 558 2 2 2 1
0 556 558 559 2 2 2 1
0 560 561 562 1 1 1 1
0 560 562 563 1 1 1 1
0 564 565 566 2 2 2 1
0 564 566 567 2 2 2 1
0 568 569 570 1 1 1 1
0 568 570 571 1 1 1 1
0 572 573 574 2 2 2 1
0 572 574 575 2 2 2 1
0 576 577 578 2 2 2 1
0 576 578 579 2 2 2 1
"light" 0 1
48
0 -23.000000 -9.000000 -29.000000 0.490000 0.323333 -1
0 -23.000000 3.000000 -29.000000 0.343333 0.323333 -1
0 -23.000000 3.000000 -30.000000 0.343333 0.176667 -1
0 -23.000000 -9.000000 -30.000000 0.490000 0.176667 -1
0 -23.000000 -9.000000 -30.000000 0.323333 0.156667 -1
0 -23.000000 3.000000 -30.000000 0.176667 0.156667 -1
0 23.000000 3.000000 -30.000000 0.176667 0.010000 -1
0 23.000000 -9.000000 -30.000000 0.323333 0.010000 -1
0 23.000000 -9.000000 -30.000000 0.990000 0.823333 -1
0 23.000000 3.000000 -30.000000 0.843333 0.823333 -1
0 23.000000 3.000000 -29.000000 0.843333 0.676667 -1
0 23.000000 -9.000000 -29.000000 0.990000 0.676667 -1
0 23.000000 -9.000000 -29.000000 0.990000 0.990000 -1
0 23.000000 3.000000 -29.000000 0.843333 0.990000 -1
0 -23.000000 3.000000 -29.000000 0.843333 0.843333 -1
0 -23.000000 -9.000000 -29.000000 0.990000 0.843333 -1
0 -23.000000 -9.000000 -30.000000 0.656667 0.323333 -1
0 23.000000 -9.000000 -30.000000 0.510000 0.323333 -1
0 23.000000 -9.000000 -29.000000 0.510000 0.176667 -1
0 -23.000000 -9.000000 -29.000000 0.656667 0.176667 -1
0 23.000000 3.000000 -30.000000 0.823333 0.490000 -1
0 -23.000000 3.000000 -30.000000 0.676667 0.490000 -1
0 -23.000000 3.000000 -29.000000 0.676667 0.343333 -1
0 23.000000 3.000000 -29.000000 0.823333 0.343333 -1
0 -23.000000 -21.000000 -14.000000 0.490000 0.676667 -1
0 -23.000000 -9.000000 -14.000000 0.490000 0.990000 -1
0 -23.000000 -9.000000 -30.250051 0.343333 0.990000 -1
0 -23.000000 -21.000000 -30.250051 0.343333 0.676667 -1
0 -23.000000 -21.000000 -30.250051 0.010000 0.510000 -1
0 -23.000000 -9.000000 -30.250051 0.323333 0.510000 -1
0 23.000000 -9.000000 -30.250051 0.323333 0.656667 -1
0 23.000000 -21.000000 -30.250051 0.010000 0.656667 -1
0 23.000000 -21.000000 -30.250051 0.323333 0.676667 -1
0 23.000000 -9.000000 -30.250051 0.323333 0.990000 -1
0 23.000000 -9.000000 -14.000000 0.176667 0.990000 -1
0 23.000000 -21.000000 -14.000000 0.176667 0.676667 -1
0 23.000000 -21.000000 -14.000000 0.343333 0.343333 -1
0 23.000000 -9.000000 -14.000000 0.656667 0.343333 -1
0 -23.000000 -9.000000 -14.000000 0.656667 0.490000 -1
0 -23.000000 -21.000000 -14.000000 0.343333 0.490000 -1
0 -23.000000 -21.000000 -30.250051 0.990000 0.656667 -1
0 23.000000 -21.000000 -30.250051 0.843333 0.656667 -1
0 23.000000 -21.000000 -14.000000 0.843333 0.510000 -1
0 -23.000000 -21.000000 -14.000000 0.990000 0.510000 -1
0 23.000000 -9.000000 -30.250051 0.990000 0.490000 -1
0 -23.000000 -9.000000 -30.250051 0.843333 0.490000 -1
0 -23.000000 -9.000000 -14.000000 0.843333 0.343333 -1
0 23.000000 -9.000000 -14.000000 0.990000 0.343333 -1
6
-1.000000 0.000000 0.000000
0.000000 0.000000 -1.000000
1.000000 0.000000 0.000000
0.000000 0.000000 1.000000
0.000000 -1.000000 0.000000
0.000000 1.000000 0.000000
24
0 0 1 2 0 0 0 1
0 0 2 3 0 0 0 1
0 4 5 6 1 1 1 1
0 4 6 7 1 1 1 1
0 8 9 10 2 2 2 1
0 8 10 11 2 2 2 1
0 12 13 14 3 3 3 1
0 12 14 15 3 3 3 1
0 16 17 18 4 4 4 1
0 16 18 19 4 4 4 1
0 20 21 22 5 5 5 1
0 20 22 23 5 5 5 1
0 24 25 26 0 0 0 1
0 24 26 27 0 0 0 1
0 28 29 30 1 1 1 1
0 28 30 31 1 1 1 1
0 32 33 34 2 2 2 1
0 32 34 35 2 2 2 1
0 36 37 38 3 3 3 1
0 36 38 39 3 3 3 1
0 40 41 42 4 4 4 1
0 40 42 43 4 4 4 1
0 44 45 46 5 5 5 1
0 44 46 47 5 5 5 1
"dark" 0 0
576
0 -30.940052 21.638235 31.000010 0.990000 0.990000 -1
0 -30.940052 37.514812 31.000008 0.966522 0.990000 -1
0 -37.514812 37.514812 31.000011 0.966522 0.966522 -1
0 -37.514812 21.638235 31.000011 0.990000 0.966522 -1
0 31.584635 21.638235 30.999989 0.816087 0.076957 -1
0 31.584635 37.514812 30.999989 0.792609 0.076957 -1
0 12.504937 37.514812 30.999994 0.792609 0.053478 -1
0 12.504937 21.638235 30.999994 0.816087 0.053478 -1
0 -9.965380 21.638235 31.000002 0.598696 0.163913 -1
0 -9.965380 37.514812 31.000002 0.575217 0.163913 -1
0 -12.504937 37.514812 31.000002 0.575217 0.140435 -1
0 -12.504937 21.638235 31.000004 0.598696 0.140435 -1
0 -12.504937 21.638235 31.000004 0.859565 0.424783 -1
0 -12.504937 37.514812 31.000002 0.836087 0.424783 -1
0 -30.940052 37.514812 31.000008 0.836087 0.401304 -1
0 -30.940052 21.638235 31.000010 0.859565 0.401304 -1
0 37.514812 21.638237 30.999987 0.555217 0.163913 -1
0 37.514812 37.514812 30.999987 0.531739 0.163913 -1
0 31.584635 37.514812 30.999989 0.531739 0.140435 -1
0 31.584635 21.638235 30.999989 0.555217 0.140435 -1
0 12.504937 21.638235 30.999994 0.859565 0.468261 -1
0 12.504937 37.514812 30.999994 0.836087 0.468261 -1
0 9.968236 37.514812 30.999994 0.836087 0.444783 -1
0 9.968236 21.638235 30.999996 0.859565 0.444783 -1
0 9.968236 21.638235 30.999996 0.859565 0.511739 -1
0 9.968236 37.514812 30.999994 0.836087 0.511739 -1
0 -9.965380 37.514812 31.000002 0.836087 0.488261 -1
0 -9.965380 21.638235 31.000002 0.859565 0.488261 -1
0 9.968236 -37.514812 30.999998 0.598696 0.488261 -1
0 9.968236 5.761661 30.999996 0.598696 0.555217 -1
0 -9.965380 5.761661 31.000004 0.575217 0.555217 -1
0 -9.965380 -37.514812 31.000006 0.575217 0.488261 -1
0 12.504937 -37.514812 30.999998 0.531739 0.444783 -1
0 12.504937 5.761661 30.999996 0.598696 0.444783 -1
0 9.968236 5.761661 30.999996 0.598696 0.468261 -1
0 9.968236 -37.514812 30.999998 0.531739 0.468261 -1
0 37.514812 -37.514812 30.999989 0.642174 0.923043 -1
0 37.514812 5.761661 30.999987 0.642174 0.990000 -1
0 31.584635 5.761661 30.999989 0.618696 0.990000 -1
0 31.584635 -37.514812 30.999990 0.618696 0.923043 -1
0 -12.504937 -37.514812 31.000006 0.531739 0.401304 -1
0 -12.504937 5.761661 31.000004 0.598696 0.401304 -1
0 -30.940052 5.761661 31.000010 0.598696 0.424783 -1
0 -30.940052 -37.514812 31.000011 0.531739 0.424783 -1
0 -9.965380 -37.514812 31.000006 0.642174 0.836087 -1
0 -9.965380 5.761661 31.000004 0.642174 0.903043 -1
0 -12.504937 5.761661 31.000004 0.618696 0.903043 -1
0 -12.504937 -37.514812 31.000006 0.618696 0.836087 -1
0 31.584635 -37.514812 30.999990 0.010000 0.357826 -1
0 31.584635 5.761661 30.999989 0.076957 0.357826 -1
0 12.504937 5.761661 30.999996 0.076957 0.381304 -1
0 12.504937 -37.514812 30.999998 0.010000 0.381304 -1
0 -30.940052 -37.514812 31.000011 0.642174 0.749130 -1
0 -30.940052 5.761661 31.000010 0.642174 0.816087 -1
0 -37.514812 5.761661 31.000011 0.618696 0.816087 -1
0 -37.514812 -37.514812 31.000013 0.618696 0.749130 -1
0 12.504937 9.730803 30.999996 0.511739 0.163913 -1
0 12.504937 21.638235 30.999994 0.488261 0.163913 -1
0 9.968236 21.638235 30.999996 0.488261 0.140435 -1
0 9.968236 9.730803 30.999996 0.511739 0.140435 -1
0 37.514812 9.730803 30.999987 0.859565 0.555217 -1
0 37.514812 21.638237 30.999987 0.836087 0.555217 -1
0 31.584635 21.638235 30.999989 0.836087 0.531739 -1
0 31.584635 9.730803 30.999989 0.859565 0.531739 -1
0 -9.965380 9.730803 31.000002 0.859565 0.816087 -1
0 -9.965380 21.638235 31.000002 0.836087 0.816087 -1
0 -12.504937 21.638235 31.000004 0.836087 0.792609 -1
0 -12.504937 9.730803 31.000004 0.859565 0.792609 -1
0 -30.940052 9.730803 31.000010 0.207391 0.163913 -1
0 -30.940052 21.638235 31.000010 0.183913 0.163913 -1
0 -37.514812 21.638235 31.000011 0.183913 0.140435 -1
0 -37.514812 9.730803 31.000011 0.207391 0.140435 -1
0 -30.940052 21.638235 31.500010 0.163913 0.163913 -1
0 -37.514812 21.638235 31.500011 0.140435 0.163913 -1
0 -37.514812 37.514812 31.500011 0.140435 0.140435 -1
0 -30.940052 37.514812 31.500008 0.163913 0.140435 -1
0 31.584635 21.638235 31.499989 0.859565 0.859565 -1
0 12.504937 21.638235 31.499994 0.836087 0.859565 -1
0 12.504937 37.514812 31.499994 0.836087 0.836087 -1
0 31.584635 37.514812 31.499989 0.859565 0.836087 -1
0 -9.965380 21.638235 31.500002 0.120435 0.163913 -1
0 -12.504937 21.638235 31.500004 0.096957 0.163913 -1
0 -12.504937 37.514812 31.500002 0.096957 0.140435 -1
0 -9.965380 37.514812 31.500002 0.120435 0.140435 -1
0 -12.504937 21.638235 31.500004 0.859565 0.903043 -1
0 -30.940052 21.638235 31.500010 0.836087 0.903043 -1
0 -30.940052 37.514812 31.500008 0.836087 0.879565 -1
0 -12.504937 37.514812 31.500002 0.859565 0.879565 -1
0 37.514812 21.638237 31.499987 0.859565 0.946522 -1
0 31.584635 21.638235 31.499989 0.836087 0.946522 -1
0 31.584635 37.514812 31.499989 0.836087 0.923043 -1
0 37.514812 37.514812 31.499987 0.859565 0.923043 -1
0 12.504937 21.638235 31.499994 0.816087 0.337826 -1
0 9.968236 21.638235 31.499996 0.792609 0.337826 -1
0 9.968236 37.514812 31.499994 0.792609 0.314348 -1
0 12.504937 37.514812 31.499994 0.816087 0.314348 -1
0 9.968236 21.638235 31.499996 0.598696 0.207391 -1
0 -9.965380 21.638235 31.500002 0.575217 0.207391 -1
0 -9.965380 37.514812 31.500002 0.575217 0.183913 -1
0 9.968236 37.514812 31.499994 0.598696 0.183913 -1
0 9.968236 -37.514812 31.499998 0.598696 0.357826 -1
0 -9.965380 -37.514812 31.500006 0.598696 0.381304 -1
0 -9.965380 5.761661 31.500004 0.531739 0.381304 -1
0 9.968236 5.761661 31.499996 0.531739 0.357826 -1
0 12.504937 -37.514812 31.499998 0.685652 0.816087 -1
0 9.968236 -37.514812 31.499998 0.662174 0.816087 -1
0 9.968236 5.761661 31.499996 0.662174 0.749130 -1
0 12.504937 5.761661 31.499996 0.685652 0.749130 -1
0 37.514812 -37.514812 31.499989 0.076957 0.314348 -1
0 31.584635 -37.514812 31.499990 0.076957 0.337826 -1
0 31.584635 5.761661 31.499989 0.010000 0.337826 -1
0 37.514812 5.761661 31.499987 0.010000 0.314348 -1
0 -12.504937 -37.514812 31.500006 0.685652 0.729130 -1
0 -30.940052 -37.514812 31.500011 0.662174 0.729130 -1
0 -30.940052 5.761661 31.500010 0.662174 0.662174 -1
0 -12.504937 5.761661 31.500004 0.685652 0.662174 -1
0 -9.965380 -37.514812 31.500006 0.163913 0.314348 -1
0 -12.504937 -37.514812 31.500006 0.163913 0.337826 -1
0 -12.504937 5.761661 31.500004 0.096957 0.337826 -1
0 -9.965380 5.761661 31.500004 0.096957 0.314348 -1
0 31.584635 -37.514812 31.499990 0.685652 0.642174 -1
0 12.504937 -37.514812 31.499998 0.662174 0.642174 -1
0 12.504937 5.761661 31.499996 0.662174 0.575217 -1
0 31.584635 5.761661 31.499989 0.685652 0.575217 -1
0 -30.940052 -37.514812 31.500011 0.250870 0.314348 -1
0 -37.514812 -37.514812 31.500013 0.250870 0.337826 -1
0 -37.514812 5.761661 31.500011 0.183913 0.337826 -1
0 -30.940052 5.761661 31.500010 0.183913 0.314348 -1
0 12.504937 9.730803 31.499996 0.511739 0.207391 -1
0 9.968236 9.730803 31.499996 0.488261 0.207391 -1
0 9.968236 21.638235 31.499996 0.488261 0.183913 -1
0 12.504937 21.638235 31.499994 0.511739 0.183913 -1
0 37.514812 9.730803 31.499987 0.468261 0.207391 -1
0 31.584635 9.730803 31.499989 0.444783 0.207391 -1
0 31.584635 21.638235 31.499989 0.444783 0.183913 -1
0 37.514812 21.638237 31.499987 0.468261 0.183913 -1
0 -9.965380 9.730803 31.500002 0.816087 0.642174 -1
0 -12.504937 9.730803 31.500004 0.792609 0.642174 -1
0 -12.504937 21.638235 31.500004 0.792609 0.618696 -1
0 -9.965380 21.638235 31.500002 0.816087 0.618696 -1
0 -30.940052 9.730803 31.500010 0.337826 0.207391 -1
0 -37.514812 9.730803 31.500011 0.314348 0.207391 -1
0 -37.514812 21.638235 31.500011 0.314348 0.183913 -1
0 -30.940052 21.638235 31.500010 0.337826 0.183913 -1
0 12.504937 9.135432 30.999996 0.207391 0.207391 -1
0 12.504937 5.761661 30.999996 0.183913 0.207391 -1
0 12.504937 5.761661 31.499996 0.183913 0.183913 -1
0 12.504937 9.135432 31.499996 0.207391 0.183913 -1
0 -12.504937 9.730803 31.000004 0.642174 0.381304 -1
0 -12.504937 21.638235 31.000004 0.618696 0.381304 -1
0 -12.504937 21.638235 31.500004 0.618696 0.357826 -1
0 -12.504937 9.730803 31.500004 0.642174 0.357826 -1
0 12.504937 37.514812 30.999994 0.555217 0.337826 -1
0 31.584635 37.514812 30.999989 0.531739 0.337826 -1
0 31.584635 37.514812 31.499989 0.531739 0.314348 -1
0 12.504937 37.514812 31.499994 0.555217 0.314348 -1
0 -30.940052 9.135432 31.000010 0.598696 0.337826 -1
0 -30.940052 5.761661 31.000010 0.575217 0.337826 -1
0 -30.940052 5.761661 31.500010 0.575217 0.314348 -1
0 -30.940052 9.135432 31.500010 0.598696 0.314348 -1
0 37.514812 9.135432 31.499987 0.685652 0.381304 -1
0 37.514812 9.730803 31.499987 0.662174 0.381304 -1
0 77.514816 9.730803 31.499975 0.662174 0.357826 -1
0 77.514816 9.135432 31.499975 0.685652 0.357826 -1
0 37.514812 -37.514812 30.999989 0.642174 0.337826 -1
0 31.584635 -37.514812 30.999990 0.618696 0.337826 -1
0 31.584635 -37.514812 31.499990 0.618696 0.314348 -1
0 37.514812 -37.514812 31.499989 0.642174 0.314348 -1
0 31.584635 9.730803 30.999989 0.685652 0.337826 -1
0 31.584635 21.638235 30.999989 0.662174 0.337826 -1
0 31.584635 21.638235 31.499989 0.662174 0.314348 -1
0 31.584635 9.730803 31.499989 0.685652 0.314348 -1
0 -30.940052 -37.514812 31.000011 0.729130 0.990000 -1
0 -37.514812 -37.514812 31.000013 0.705652 0.990000 -1
0 -37.514812 -37.514812 31.500013 0.705652 0.966522 -1
0 -30.940052 -37.514812 31.500011 0.729130 0.966522 -1
0 9.968236 9.730803 30.999996 0.033478 0.294348 -1
0 9.968236 21.638235 30.999996 0.010000 0.294348 -1
0 9.968236 21.638235 31.499996 0.010000 0.270870 -1
0 9.968236 9.730803 31.499996 0.033478 0.270870 -1
0 -37.514812 9.730803 31.500011 0.076957 0.294348 -1
0 -37.514812 9.135432 31.500011 0.053478 0.294348 -1
0 -77.514816 9.135432 31.500025 0.053478 0.270870 -1
0 -77.514816 9.730803 31.500025 0.076957 0.270870 -1
0 12.504937 -37.514812 30.999998 0.729130 0.946522 -1
0 9.968236 -37.514812 30.999998 0.705652 0.946522 -1
0 9.968236 -37.514812 31.499998 0.705652 0.923043 -1
0 12.504937 -37.514812 31.499998 0.729130 0.923043 -1
0 -9.965380 9.135432 31.000002 0.120435 0.294348 -1
0 -9.965380 5.761661 31.000004 0.096957 0.294348 -1
0 -9.965380 5.761661 31.500004 0.096957 0.270870 -1
0 -9.965380 9.135432 31.500004 0.120435 0.270870 -1
0 31.584635 37.514812 30.999989 0.729130 0.903043 -1
0 37.514812 37.514812 30.999987 0.705652 0.903043 -1
0 37.514812 37.514812 31.499987 0.705652 0.879565 -1
0 31.584635 37.514812 31.499989 0.729130 0.879565 -1
0 -9.965380 5.761661 31.000004 0.729130 0.859565 -1
0 9.968236 5.761661 30.999996 0.705652 0.859565 -1
0 9.968236 5.761661 31.499996 0.705652 0.836087 -1
0 -9.965380 5.761661 31.500004 0.729130 0.836087 -1
0 -9.965380 37.514812 31.000002 0.163913 0.294348 -1
0 9.968236 37.514812 30.999994 0.140435 0.294348 -1
0 9.968236 37.514812 31.499994 0.140435 0.270870 -1
0 -9.965380 37.514812 31.500002 0.163913 0.270870 -1
0 37.514812 9.730803 31.499987 0.207391 0.294348 -1
0 37.514812 21.638237 31.499987 0.183913 0.294348 -1
0 77.514816 21.638237 31.499973 0.183913 0.270870 -1
0 77.514816 9.730803 31.499975 0.207391 0.270870 -1
0 31.584635 -37.514812 30.999990 0.729130 0.816087 -1
0 12.504937 -37.514812 30.999998 0.705652 0.816087 -1
0 12.504937 -37.514812 31.499998 0.705652 0.792609 -1
0 31.584635 -37.514812 31.499990 0.729130 0.792609 -1
0 9.968236 21.638235 30.999996 0.729130 0.772609 -1
0 -9.965380 21.638235 31.000002 0.705652 0.772609 -1
0 -9.965380 21.638235 31.500002 0.705652 0.749130 -1
0 9.968236 21.638235 31.499996 0.729130 0.749130 -1
0 -9.965380 -37.514812 31.000006 0.250870 0.294348 -1
0 -12.504937 -37.514812 31.000006 0.227391 0.294348 -1
0 -12.504937 -37.514812 31.500006 0.227391 0.270870 -1
0 -9.965380 -37.514812 31.500006 0.250870 0.270870 -1
0 9.968236 -37.514812 30.999998 0.294348 0.294348 -1
0 -9.965380 -37.514812 31.000006 0.270870 0.294348 -1
0 -9.965380 -37.514812 31.500006 0.270870 0.270870 -1
0 9.968236 -37.514812 31.499998 0.294348 0.270870 -1
0 -30.940052 37.514812 31.000008 0.729130 0.729130 -1
0 -12.504937 37.514812 31.000002 0.705652 0.729130 -1
0 -12.504937 37.514812 31.500002 0.705652 0.705652 -1
0 -30.940052 37.514812 31.500008 0.729130 0.705652 -1
0 -30.940052 5.761661 31.000010 0.729130 0.685652 -1
0 -12.504937 5.761661 31.000004 0.705652 0.685652 -1
0 -12.504937 5.761661 31.500004 0.705652 0.662174 -1
0 -30.940052 5.761661 31.500010 0.729130 0.662174 -1
0 -12.504937 37.514812 31.000002 0.337826 0.294348 -1
0 -9.965380 37.514812 31.000002 0.314348 0.294348 -1
0 -9.965380 37.514812 31.500002 0.314348 0.270870 -1
0 -12.504937 37.514812 31.500002 0.337826 0.270870 -1
0 9.968236 37.514812 30.999994 0.729130 0.642174 -1
0 12.504937 37.514812 30.999994 0.705652 0.642174 -1
0 12.504937 37.514812 31.499994 0.705652 0.618696 -1
0 9.968236 37.514812 31.499994 0.729130 0.618696 -1
0 -12.504937 21.638235 31.000004 0.381304 0.294348 -1
0 -30.940052 21.638235 31.000010 0.357826 0.294348 -1
0 -30.940052 21.638235 31.500010 0.357826 0.270870 -1
0 -12.504937 21.638235 31.500004 0.381304 0.270870 -1
0 12.504937 5.761661 30.999996 0.424783 0.294348 -1
0 31.584635 5.761661 30.999989 0.401304 0.294348 -1
0 31.584635 5.761661 31.499989 0.401304 0.270870 -1
0 12.504937 5.761661 31.499996 0.424783 0.270870 -1
0 37.514812 9.135432 30.999987 0.729130 0.598696 -1
0 37.514812 5.761661 30.999987 0.705652 0.598696 -1
0 77.514816 5.761661 30.999975 0.705652 0.575217 -1
0 77.514816 9.135432 30.999975 0.729130 0.575217 -1
0 -37.514812 21.638235 31.000011 0.468261 0.294348 -1
0 -37.514812 37.514812 31.000011 0.444783 0.294348 -1
0 -77.514816 37.514812 31.000023 0.444783 0.270870 -1
0 -77.514816 21.638235 31.000025 0.468261 0.270870 -1
0 31.584635 21.638235 30.999989 0.729130 0.555217 -1
0 12.504937 21.638235 30.999994 0.705652 0.555217 -1
0 12.504937 21.638235 31.499994 0.705652 0.531739 -1
0 31.584635 21.638235 31.499989 0.729130 0.531739 -1
0 -12.504937 -37.514812 31.000006 0.729130 0.511739 -1
0 -30.940052 -37.514812 31.000011 0.705652 0.511739 -1
0 -30.940052 -37.514812 31.500011 0.705652 0.488261 -1
0 -12.504937 -37.514812 31.500006 0.729130 0.488261 -1
0 -37.514812 37.514812 31.000011 0.511739 0.294348 -1
0 -37.514812 37.514812 31.500011 0.488261 0.294348 -1
0 -77.514816 37.514812 31.500023 0.488261 0.270870 -1
0 -77.514816 37.514812 31.000023 0.511739 0.270870 -1
0 -37.514812 37.514812 31.000011 0.729130 0.468261 -1
0 -30.940052 37.514812 31.000008 0.705652 0.468261 -1
0 -30.940052 37.514812 31.500008 0.705652 0.444783 -1
0 -37.514812 37.514812 31.500011 0.729130 0.444783 -1
0 37.514812 9.730803 30.999987 0.555217 0.294348 -1
0 37.514812 9.135432 30.999987 0.531739 0.294348 -1
0 77.514816 9.135432 30.999975 0.531739 0.270870 -1
0 77.514816 9.730803 30.999975 0.555217 0.270870 -1
0 31.584635 9.135432 30.999989 0.598696 0.294348 -1
0 31.584635 9.730803 30.999989 0.575217 0.294348 -1
0 31.584635 9.730803 31.499989 0.575217 0.270870 -1
0 31.584635 9.135432 31.499989 0.598696 0.270870 -1
0 37.514812 9.135432 31.499987 0.729130 0.424783 -1
0 31.584635 9.135432 31.499989 0.705652 0.424783 -1
0 31.584635 9.730803 31.499989 0.705652 0.401304 -1
0 37.514812 9.730803 31.499987 0.729130 0.401304 -1
0 37.514812 9.135432 30.999987 0.642174 0.294348 -1
0 37.514812 9.730803 30.999987 0.618696 0.294348 -1
0 31.584635 9.730803 30.999989 0.618696 0.270870 -1
0 31.584635 9.135432 30.999989 0.642174 0.270870 -1
0 9.968236 9.135432 30.999996 0.729130 0.381304 -1
0 9.968236 9.730803 30.999996 0.705652 0.381304 -1
0 9.968236 9.730803 31.499996 0.705652 0.357826 -1
0 9.968236 9.135432 31.499996 0.729130 0.357826 -1
0 12.504937 21.638235 30.999994 0.685652 0.294348 -1
0 12.504937 9.730803 30.999996 0.662174 0.294348 -1
0 12.504937 9.730803 31.499996 0.662174 0.270870 -1
0 12.504937 21.638235 31.499994 0.685652 0.270870 -1
0 12.504937 9.135432 31.499996 0.729130 0.337826 -1
0 9.968236 9.135432 31.499996 0.705652 0.337826 -1
0 9.968236 9.730803 31.499996 0.705652 0.314348 -1
0 12.504937 9.730803 31.499996 0.729130 0.314348 -1
0 12.504937 9.135432 30.999996 0.729130 0.294348 -1
0 12.504937 9.730803 30.999996 0.705652 0.294348 -1
0 9.968236 9.730803 30.999996 0.705652 0.270870 -1
0 9.968236 9.135432 30.999996 0.729130 0.270870 -1
0 -9.965380 21.638235 31.000002 0.033478 0.250870 -1
0 -9.965380 9.730803 31.000002 0.010000 0.250870 -1
0 -9.965380 9.730803 31.500002 0.010000 0.227391 -1
0 -9.965380 21.638235 31.500002 0.033478 0.227391 -1
0 -12.504937 9.730803 31.500004 0.772609 0.990000 -1
0 -12.504937 9.135432 31.500004 0.749130 0.990000 -1
0 -12.504937 9.135432 31.500004 0.749130 0.966522 -1
0 -12.504937 9.730803 31.500004 0.772609 0.966522 -1
0 -9.965380 9.135432 31.500004 0.076957 0.250870 -1
0 -12.504937 9.135432 31.500004 0.053478 0.250870 -1
0 -12.504937 9.730803 31.500004 0.053478 0.227391 -1
0 -9.965380 9.730803 31.500002 0.076957 0.227391 -1
0 -9.965380 9.135432 31.000002 0.772609 0.946522 -1
0 -9.965380 9.730803 31.000002 0.749130 0.946522 -1
0 -12.504937 9.730803 31.000004 0.749130 0.923043 -1
0 -12.504937 9.135432 31.000004 0.772609 0.923043 -1
0 -37.514812 5.761661 31.000011 0.120435 0.250870 -1
0 -37.514812 9.135432 31.000011 0.096957 0.250870 -1
0 -77.514816 9.135432 31.000025 0.096957 0.227391 -1
0 -77.514816 5.761661 31.000025 0.120435 0.227391 -1
0 -30.940052 21.638235 31.000010 0.772609 0.903043 -1
0 -30.940052 9.730803 31.000010 0.749130 0.903043 -1
0 -30.940052 9.730803 31.500010 0.749130 0.879565 -1
0 -30.940052 21.638235 31.500010 0.772609 0.879565 -1
0 -30.940052 9.135432 31.500010 0.163913 0.250870 -1
0 -37.514812 9.135432 31.500011 0.140435 0.250870 -1
0 -37.514812 9.730803 31.500011 0.140435 0.227391 -1
0 -30.940052 9.730803 31.500010 0.163913 0.227391 -1
0 -30.940052 9.135432 31.000010 0.772609 0.859565 -1
0 -30.940052 9.730803 31.000010 0.749130 0.859565 -1
0 -37.514812 9.730803 31.000011 0.749130 0.836087 -1
0 -37.514812 9.135432 31.000011 0.772609 0.836087 -1
0 37.514812 5.761661 30.999987 0.207391 0.250870 -1
0 37.514812 9.135432 30.999987 0.183913 0.250870 -1
0 31.584635 9.135432 30.999989 0.183913 0.227391 -1
0 31.584635 5.761661 30.999989 0.207391 0.227391 -1
0 37.514812 5.761661 31.499987 0.772609 0.816087 -1
0 31.584635 5.761661 31.499989 0.749130 0.816087 -1
0 31.584635 9.135432 31.499989 0.749130 0.792609 -1
0 37.514812 9.135432 31.499987 0.772609 0.792609 -1
0 31.584635 5.761661 30.999989 0.250870 0.250870 -1
0 31.584635 9.135432 30.999989 0.227391 0.250870 -1
0 31.584635 9.135432 31.499989 0.227391 0.227391 -1
0 31.584635 5.761661 31.499989 0.250870 0.227391 -1
0 37.514812 37.514812 31.499987 0.772609 0.772609 -1
0 37.514812 37.514812 30.999987 0.749130 0.772609 -1
0 77.514816 37.514812 30.999973 0.749130 0.749130 -1
0 77.514816 37.514812 31.499973 0.772609 0.749130 -1
0 12.504937 5.761661 30.999996 0.772609 0.729130 -1
0 12.504937 9.135432 30.999996 0.749130 0.729130 -1
0 9.968236 9.135432 30.999996 0.749130 0.705652 -1
0 9.968236 5.761661 30.999996 0.772609 0.705652 -1
0 12.504937 5.761661 31.499996 0.294348 0.250870 -1
0 9.968236 5.761661 31.499996 0.270870 0.250870 -1
0 9.968236 9.135432 31.499996 0.270870 0.227391 -1
0 12.504937 9.135432 31.499996 0.294348 0.227391 -1
0 9.968236 5.761661 30.999996 0.337826 0.250870 -1
0 9.968236 9.135432 30.999996 0.314348 0.250870 -1
0 9.968236 9.135432 31.499996 0.314348 0.227391 -1
0 9.968236 5.761661 31.499996 0.337826 0.227391 -1
0 12.504937 9.135432 30.999996 0.772609 0.685652 -1
0 12.504937 9.135432 31.499996 0.749130 0.685652 -1
0 32.245163 9.135432 31.499989 0.749130 0.662174 -1
0 32.245163 9.135432 30.999989 0.772609 0.662174 -1
0 -9.965380 5.761661 31.000004 0.381304 0.250870 -1
0 -9.965380 9.135432 31.000002 0.357826 0.250870 -1
0 -12.504937 9.135432 31.000004 0.357826 0.227391 -1
0 -12.504937 5.761661 31.000004 0.381304 0.227391 -1
0 -9.965380 5.761661 31.500004 0.772609 0.642174 -1
0 -12.504937 5.761661 31.500004 0.749130 0.642174 -1
0 -12.504937 9.135432 31.500004 0.749130 0.618696 -1
0 -9.965380 9.135432 31.500004 0.772609 0.618696 -1
0 -12.504937 5.761661 31.000004 0.772609 0.598696 -1
0 -12.504937 9.135432 31.000004 0.749130 0.598696 -1
0 -12.504937 9.135432 31.500004 0.749130 0.575217 -1
0 -12.504937 5.761661 31.500004 0.772609 0.575217 -1
0 -9.965380 9.135432 31.000002 0.424783 0.250870 -1
0 -9.965380 9.135432 31.500004 0.401304 0.250870 -1
0 10.055113 9.135432 31.499996 0.401304 0.227391 -1
0 10.055113 9.135432 30.999996 0.424783 0.227391 -1
0 -30.940052 5.761661 31.000010 0.772609 0.555217 -1
0 -30.940052 9.135432 31.000010 0.749130 0.555217 -1
0 -37.514812 9.135432 31.000011 0.749130 0.531739 -1
0 -37.514812 5.761661 31.000011 0.772609 0.531739 -1
0 -30.940052 5.761661 31.500010 0.468261 0.250870 -1
0 -37.514812 5.761661 31.500011 0.444783 0.250870 -1
0 -37.514812 9.135432 31.500011 0.444783 0.227391 -1
0 -30.940052 9.135432 31.500010 0.468261 0.227391 -1
0 -37.514812 -37.514812 31.500013 0.511739 0.250870 -1
0 -37.514812 -37.514812 31.000013 0.488261 0.250870 -1
0 -77.514816 -37.514812 31.000027 0.488261 0.227391 -1
0 -77.514816 -37.514812 31.500027 0.511739 0.227391 -1
0 -30.940052 9.730803 31.500010 0.772609 0.511739 -1
0 -30.940052 9.730803 31.000010 0.749130 0.511739 -1
0 -30.940052 9.730803 31.000010 0.749130 0.488261 -1
0 -30.940052 9.730803 31.500010 0.772609 0.488261 -1
0 -12.504937 9.730803 31.000004 0.555217 0.250870 -1
0 -12.504937 9.730803 31.500004 0.531739 0.250870 -1
0 -30.976032 9.730803 31.500010 0.531739 0.227391 -1
0 -30.976032 9.730803 31.000010 0.555217 0.227391 -1
0 -30.940052 9.730803 31.000010 0.772609 0.468261 -1
0 -30.940052 9.135432 31.000010 0.749130 0.468261 -1
0 -30.940052 9.135432 31.500010 0.749130 0.444783 -1
0 -30.940052 9.730803 31.500010 0.772609 0.444783 -1
0 -30.940052 9.135432 31.500010 0.772609 0.424783 -1
0 -30.940052 9.730803 31.500010 0.749130 0.424783 -1
0 -30.940052 9.730803 31.500010 0.749130 0.401304 -1
0 -30.940052 9.135432 31.500010 0.772609 0.401304 -1
0 -12.504937 9.135432 31.000004 0.598696 0.250870 -1
0 -12.504937 9.730803 31.000004 0.575217 0.250870 -1
0 -12.504937 9.730803 31.000004 0.575217 0.227391 -1
0 -12.504937 9.135432 31.000004 0.598696 0.227391 -1
0 -30.940052 9.730803 31.000010 0.642174 0.250870 -1
0 -30.940052 9.135432 31.000010 0.618696 0.250870 -1
0 -30.940052 9.135432 31.000010 0.618696 0.227391 -1
0 -30.940052 9.730803 31.000010 0.642174 0.227391 -1
0 -12.504937 9.135432 31.500004 0.772609 0.381304 -1
0 -12.504937 9.135432 31.000004 0.749130 0.381304 -1
0 -12.504937 9.135432 31.000004 0.749130 0.357826 -1
0 -12.504937 9.135432 31.500004 0.772609 0.357826 -1
0 -12.504937 9.730803 31.000004 0.685652 0.250870 -1
0 -12.504937 9.730803 31.500004 0.662174 0.250870 -1
0 -12.504937 9.730803 31.500004 0.662174 0.227391 -1
0 -12.504937 9.730803 31.000004 0.685652 0.227391 -1
0 -30.940052 9.135432 31.000010 0.772609 0.337826 -1
0 -30.940052 9.135432 31.500010 0.749130 0.337826 -1
0 -30.940052 9.135432 31.500010 0.749130 0.314348 -1
0 -30.940052 9.135432 31.000010 0.772609 0.314348 -1
0 -30.976032 9.135432 31.000010 0.772609 0.294348 -1
0 -30.976032 9.730803 31.000010 0.749130 0.294348 -1
0 -30.976032 9.730803 31.500010 0.749130 0.270870 -1
0 -30.976032 9.135432 31.500010 0.772609 0.270870 -1
0 -12.504937 9.135432 31.000004 0.729130 0.250870 -1
0 -12.504937 9.730803 31.000004 0.705652 0.250870 -1
0 -30.976032 9.730803 31.000010 0.705652 0.227391 -1
0 -30.976032 9.135432 31.000010 0.729130 0.227391 -1
0 -12.504937 9.730803 31.500004 0.772609 0.250870 -1
0 -12.504937 9.135432 31.500004 0.749130 0.250870 -1
0 -30.976032 9.135432 31.500010 0.749130 0.227391 -1
0 -30.976032 9.730803 31.500010 0.772609 0.227391 -1
0 -12.504937 9.135432 31.500004 0.816087 0.990000 -1
0 -12.504937 9.135432 31.000004 0.792609 0.990000 -1
0 -30.976032 9.135432 31.000010 0.792609 0.966522 -1
0 -30.976032 9.135432 31.500010 0.816087 0.966522 -1
0 10.055113 9.730803 30.999996 0.033478 0.207391 -1
0 10.055113 9.135432 30.999996 0.010000 0.207391 -1
0 10.055113 9.135432 31.499996 0.010000 0.183913 -1
0 10.055113 9.730803 31.499996 0.033478 0.183913 -1
0 -9.965380 9.730803 31.500002 0.816087 0.946522 -1
0 -9.965380 9.730803 31.000002 0.792609 0.946522 -1
0 10.055113 9.730803 30.999996 0.792609 0.923043 -1
0 10.055113 9.730803 31.499996 0.816087 0.923043 -1
0 -9.965380 9.135432 31.500004 0.076957 0.207391 -1
0 -9.965380 9.730803 31.500002 0.053478 0.207391 -1
0 10.055113 9.730803 31.499996 0.053478 0.183913 -1
0 10.055113 9.135432 31.499996 0.076957 0.183913 -1
0 -9.965380 9.730803 31.000002 0.816087 0.903043 -1
0 -9.965380 9.135432 31.000002 0.792609 0.903043 -1
0 10.055113 9.135432 30.999996 0.792609 0.879565 -1
0 10.055113 9.730803 30.999996 0.816087 0.879565 -1
0 32.245163 9.730803 30.999989 0.120435 0.207391 -1
0 32.245163 9.135432 30.999989 0.096957 0.207391 -1
0 32.245163 9.135432 31.499989 0.096957 0.183913 -1
0 32.245163 9.730803 31.499989 0.120435 0.183913 -1
0 12.504937 9.135432 31.499996 0.816087 0.859565 -1
0 12.504937 9.730803 31.499996 0.792609 0.859565 -1
0 32.245163 9.730803 31.499989 0.792609 0.836087 -1
0 32.245163 9.135432 31.499989 0.816087 0.836087 -1
0 12.504937 9.730803 30.999996 0.163913 0.207391 -1
0 12.504937 9.135432 30.999996 0.140435 0.207391 -1
0 32.245163 9.135432 30.999989 0.140435 0.183913 -1
0 32.245163 9.730803 30.999989 0.163913 0.183913 -1
0 12.504937 9.730803 31.499996 0.816087 0.816087 -1
0 12.504937 9.730803 30.999996 0.792609 0.816087 -1
0 32.245163 9.730803 30.999989 0.792609 0.792609 -1
0 32.245163 9.730803 31.499989 0.816087 0.792609 -1
0 77.514816 5.761661 30.999975 0.685652 0.401304 -1
0 77.514816 -37.514812 30.999977 0.685652 0.468261 -1
0 77.514816 -37.514812 31.499977 0.662174 0.468261 -1
0 77.514816 5.761661 31.499975 0.662174 0.401304 -1
0 77.514816 37.514812 30.999973 0.250870 0.207391 -1
0 77.514816 21.638237 30.999973 0.227391 0.207391 -1
0 77.514816 21.638237 31.499973 0.227391 0.183913 -1
0 77.514816 37.514812 31.499973 0.250870 0.183913 -1
0 77.514816 9.135432 30.999975 0.816087 0.772609 -1
0 77.514816 5.761661 30.999975 0.792609 0.772609 -1
0 77.514816 5.761661 31.499975 0.792609 0.749130 -1
0 77.514816 9.135432 31.499975 0.816087 0.749130 -1
0 77.514816 21.638237 30.999973 0.816087 0.729130 -1
0 77.514816 9.730803 30.999975 0.792609 0.729130 -1
0 77.514816 9.730803 31.499975 0.792609 0.705652 -1
0 77.514816 21.638237 31.499973 0.816087 0.705652 -1
0 77.514816 9.730803 30.999975 0.294348 0.207391 -1
0 77.514816 9.135432 30.999975 0.270870 0.207391 -1
0 77.514816 9.135432 31.499975 0.270870 0.183913 -1
0 77.514816 9.730803 31.499975 0.294348 0.183913 -1
0 37.514812 5.761661 31.499987 0.816087 0.685652 -1
0 37.514812 9.135432 31.499987 0.792609 0.685652 -1
0 77.514816 9.135432 31.499975 0.792609 0.662174 -1
0 77.514816 5.761661 31.499975 0.816087 0.662174 -1
0 37.514812 37.514812 30.999987 0.990000 0.685652 -1
0 37.514812 21.638237 30.999987 0.966522 0.685652 -1
0 77.514816 21.638237 30.999973 0.966522 0.662174 -1
0 77.514816 37.514812 30.999973 0.990000 0.662174 -1
0 37.514812 -37.514812 30.999989 0.381304 0.207391 -1
0 37.514812 -37.514812 31.499989 0.357826 0.207391 -1
0 77.514816 -37.514812 31.499977 0.357826 0.183913 -1
0 77.514816 -37.514812 30.999977 0.381304 0.183913 -1
0 37.514812 5.761661 30.999987 0.357826 0.314348 -1
0 37.514812 -37.514812 30.999989 0.424783 0.314348 -1
0 77.514816 -37.514812 30.999977 0.424783 0.337826 -1
0 77.514816 5.761661 30.999975 0.357826 0.337826 -1
0 37.514812 21.638237 30.999987 0.424783 0.207391 -1
0 37.514812 9.730803 30.999987 0.401304 0.207391 -1
0 77.514816 9.730803 30.999975 0.401304 0.183913 -1
0 77.514816 21.638237 30.999973 0.424783 0.183913 -1
0 37.514812 21.638237 31.499987 0.816087 0.598696 -1
0 37.514812 37.514812 31.499987 0.792609 0.598696 -1
0 77.514816 37.514812 31.499973 0.792609 0.575217 -1
0 77.514816 21.638237 31.499973 0.816087 0.575217 -1
0 37.514812 -37.514812 31.499989 0.685652 0.488261 -1
0 37.514812 5.761661 31.499987 0.685652 0.555217 -1
0 77.514816 5.761661 31.499975 0.662174 0.555217 -1
0 77.514816 -37.514812 31.499977 0.662174 0.488261 -1
0 -77.514816 21.638235 31.000025 0.816087 0.555217 -1
0 -77.514816 37.514812 31.000023 0.792609 0.555217 -1
0 -77.514816 37.514812 31.500023 0.792609 0.531739 -1
0 -77.514816 21.638235 31.500025 0.816087 0.531739 -1
0 -77.514816 -37.514812 31.000027 0.270870 0.314348 -1
0 -77.514816 5.761661 31.000025 0.337826 0.314348 -1
0 -77.514816 5.761661 31.500025 0.337826 0.337826 -1
0 -77.514816 -37.514812 31.500027 0.270870 0.337826 -1
0 -77.514816 9.730803 31.000025 0.816087 0.511739 -1
0 -77.514816 21.638235 31.000025 0.792609 0.511739 -1
0 -77.514816 21.638235 31.500025 0.792609 0.488261 -1
0 -77.514816 9.730803 31.500025 0.816087 0.488261 -1
0 -77.514816 9.135432 31.000025 0.816087 0.468261 -1
0 -77.514816 9.730803 31.000025 0.792609 0.468261 -1
0 -77.514816 9.730803 31.500025 0.792609 0.444783 -1
0 -77.514816 9.135432 31.500025 0.816087 0.444783 -1
0 -77.514816 5.761661 31.000025 0.555217 0.207391 -1
0 -77.514816 9.135432 31.000025 0.531739 0.207391 -1
0 -77.514816 9.135432 31.500025 0.531739 0.183913 -1
0 -77.514816 5.761661 31.500025 0.555217 0.183913 -1
0 -37.514812 -37.514812 31.000013 0.685652 0.836087 -1
0 -37.514812 5.761661 31.000011 0.685652 0.903043 -1
0 -77.514816 5.761661 31.000025 0.662174 0.903043 -1
0 -77.514816 -37.514812 31.000027 0.662174 0.836087 -1
0 -37.514812 37.514812 31.500011 0.816087 0.424783 -1
0 -37.514812 21.638235 31.500011 0.792609 0.424783 -1
0 -77.514816 21.638235 31.500025 0.792609 0.401304 -1
0 -77.514816 37.514812 31.500023 0.816087 0.401304 -1
0 -37.514812 9.730803 31.000011 0.816087 0.381304 -1
0 -37.514812 21.638235 31.000011 0.792609 0.381304 -1
0 -77.514816 21.638235 31.000025 0.792609 0.357826 -1
0 -77.514816 9.730803 31.000025 0.816087 0.357826 -1
0 -37.514812 9.135432 31.500011 0.642174 0.207391 -1
0 -37.514812 5.761661 31.500011 0.618696 0.207391 -1
0 -77.514816 5.761661 31.500025 0.618696 0.183913 -1
0 -77.514816 9.135432 31.500025 0.642174 0.183913 -1
0 -37.514812 9.135432 31.000011 0.685652 0.207391 -1
0 -37.514812 9.730803 31.000011 0.662174 0.207391 -1
0 -77.514816 9.730803 31.000025 0.662174 0.183913 -1
0 -77.514816 9.135432 31.000025 0.685652 0.183913 -1
0 -37.514812 5.761661 31.500011 0.444783 0.357826 -1
0 -37.514812 -37.514812 31.500013 0.511739 0.357826 -1
0 -77.514816 -37.514812 31.500027 0.511739 0.381304 -1
0 -77.514816 5.761661 31.500025 0.444783 0.381304 -1
0 -37.514812 21.638235 31.500011 0.729130 0.207391 -1
0 -37.514812 9.730803 31.500011 0.705652 0.207391 -1
0 -77.514816 9.730803 31.500025 0.705652 0.183913 -1
0 -77.514816 21.638235 31.500025 0.729130 0.183913 -1
6
0.000000 0.000000 1.000000
-0.000000 -0.000000 -1.000000
-1.000000 0.000000 0.000000
1.000000 0.000000 0.000000
0.000000 -1.000000 0.000000
0.000000 1.000000 0.000000
288
0 0 1 2 0 0 0 1
0 0 2 3 0 0 0 1
0 4 5 6 0 0 0 1
0 4 6 7 0 0 0 1
0 8 9 10 0 0 0 1
0 8 10 11 0 0 0 1
0 12 13 14 0 0 0 1
0 12 14 15 0 0 0 1
0 16 17 18 0 0 0 1
0 16 18 19 0 0 0 1
0 20 21 22 0 0 0 1
0 20 22 23 0 0 0 1
0 24 25 26 0 0 0 1
0 24 26 27 0 0 0 1
0 28 29 30 0 0 0 1
0 28 30 31 0 0 0 1
0 32 33 34 0 0 0 1
0 32 34 35 0 0 0 1
0 36 37 38 0 0 0 1
0 36 38 39 0 0 0 1
0 40 41 42 0 0 0 1
0 40 42 43 0 0 0 1
0 44 45 46 0 0 0 1
0 44 46 47 0 0 0 1
0 48 49 50 0 0 0 1
0 48 50 51 0 0 0 1
0 52 53 54 0 0 0 1
0 52 54 55 0 0 0 1
0 56 57 58 0 0 0 1
0 56 58 59 0 0 0 1
0 60 61 62 0 0 0 1
0 60 62 63 0 0 0 1
0 64 65 66 0 0 0 1
0 64 66 67 0 0 0 1
0 68 69 70 0 0 0 1
0 68 70 71 0 0 0 1
0 72 73 74 1 1 1 1
0 72 74 75 1 1 1 1
0 76 77 78 1 1 1 1
0 76 78 79 1 1 1 1
0 80 81 82 1 1 1 1
0 80 82 83 1 1 1 1
0 84 85 86 1 1 1 1
0 84 86 87 1 1 1 1
0 88 89 90 1 1 1 1
0 88 90 91 1 1 1 1
0 92 93 94 1 1 1 1
0 92 94 95 1 1 1 1
0 96 97 98 1 1 1 1
0 96 98 99 1 1 1 1
0 100 101 102 1 1 1 1
0 100 102 103 1 1 1 1
0 104 105 106 1 1 1 1
0 104 106 107 1 1 1 1
0 108 109 110 1 1 1 1
0 108 110 111 1 1 1 1
0 112 113 114 1 1 1 1
0 112 114 115 1 1 1 1
0 116 117 118 1 1 1 1
0 116 118 119 1 1 1 1
0 120 121 122 1 1 1 1
0 120 122 123 1 1 1 1
0 124 125 126 1 1 1 1
0 124 126 127 1 1 1 1
0 128 129 130 1 1 1 1
0 128 130 131 1 1 1 1
0 132 133 134 1 1 1 1
0 132 134 135 1 1 1 1
0 136 137 138 1 1 1 1
0 136 138 139 1 1 1 1
0 140 141 142 1 1 1 1
0 140 142 143 1 1 1 1
0 144 145 146 2 2 2 1
0 144 146 147 2 2 2 1
0 148 149 150 3 3 3 1
0 148 150 151 3 3 3 1
0 152 153 154 4 4 4 1
0 152 154 155 4 4 4 1
0 156 157 158 2 2 2 1
0 156 158 159 2 2 2 1
0 160 161 162 1 1 1 1
0 160 162 163 1 1 1 1
0 164 165 166 5 5 5 1
0 164 166 167 5 5 5 1
0 168 169 170 3 3 3 1
0 168 170 171 3 3 3 1
0 172 173 174 5 5 5 1
0 172 174 175 5 5 5 1
0 176 177 178 3 3 3 1
0 176 178 179 3 3 3 1
0 180 181 182 1 1 1 1
0 180 182 183 1 1 1 1
0 184 185 186 5 5 5 1
0 184 186 187 5 5 5 1
0 188 189 190 2 2 2 1
0 188 190 191 2 2 2 1
0 192 193 194 4 4 4 1
0 192 194 195 4 4 4 1
0 196 197 198 4 4 4 1
0 196 198 199 4 4 4 1
0 200 201 202 4 4 4 1
0 200 202 203 4 4 4 1
0 204 205 206 1 1 1 1
0 204 206 207 1 1 1 1
0 208 209 210 5 5 5 1
0 208 210 211 5 5 5 1
0 212 213 214 5 5 5 1
0 212 214 215 5 5 5 1
0 216 217 218 5 5 5 1
0 216 218 219 5 5 5 1
0 220 221 222 5 5 5 1
0 220 222 223 5 5 5 1
0 224 225 226 4 4 4 1
0 224 226 227 4 4 4 1
0 228 229 230 4 4 4 1
0 228 230 231 4 4 4 1
0 232 233 234 4 4 4 1
0 232 234 235 4 4 4 1
0 236 237 238 4 4 4 1
0 236 238 239 4 4 4 1
0 240 241 242 5 5 5 1
0 240 242 243 5 5 5 1
0 244 245 246 4 4 4 1
0 244 246 247 4 4 4 1
0 248 249 250 0 0 0 1
0 248 250 251 0 0 0 1
0 252 253 254 0 0 0 1
0 252 254 255 0 0 0 1
0 256 257 258 5 5 5 1
0 256 258 259 5 5 5 1
0 260 261 262 5 5 5 1
0 260 262 263 5 5 5 1
0 264 265 266 4 4 4 1
0 264 266 267 4 4 4 1
0 268 269 270 4 4 4 1
0 268 270 271 4 4 4 1
0 272 273 274 0 0 0 1
0 272 274 275 0 0 0 1
0 276 277 278 3 3 3 1
0 276 278 279 3 3 3 1
0 280 281 282 1 1 1 1
0 280 282 283 1 1 1 1
0 284 285 286 0 0 0 1
0 284 286 287 0 0 0 1
0 288 289 290 3 3 3 1
0 288 290 291 3 3 3 1
0 292 293 294 2 2 2 1
0 292 294 295 2 2 2 1
0 296 297 298 1 1 1 1
0 296 298 299 1 1 1 1
0 300 301 302 0 0 0 1
0 300 302 303 0 0 0 1
0 304 305 306 2 2 2 1
0 304 306 307 2 2 2 1
0 308 309 310 0 0 0 1
0 308 310 311 0 0 0 1
0 312 313 314 1 1 1 1
0 312 314 315 1 1 1 1
0 316 317 318 0 0 0 1
0 316 318 319 0 0 0 1
0 320 321 322 0 0 0 1
0 320 322 323 0 0 0 1
0 324 325 326 2 2 2 1
0 324 326 327 2 2 2 1
0 328 329 330 1 1 1 1
0 328 330 331 1 1 1 1
0 332 333 334 0 0 0 1
0 332 334 335 0 0 0 1
0 336 337 338 0 0 0 1
0 336 338 339 0 0 0 1
0 340 341 342 1 1 1 1
0 340 342 343 1 1 1 1
0 344 345 346 3 3 3 1
0 344 346 347 3 3 3 1
0 348 349 350 4 4 4 1
0 348 350 351 4 4 4 1
0 352 353 354 0 0 0 1
0 352 354 355 0 0 0 1
0 356 357 358 1 1 1 1
0 356 358 359 1 1 1 1
0 360 361 362 3 3 3 1
0 360 362 363 3 3 3 1
0 364 365 366 5 5 5 1
0 364 366 367 5 5 5 1
0 368 369 370 0 0 0 1
0 368 370 371 0 0 0 1
0 372 373 374 1 1 1 1
0 372 374 375 1 1 1 1
0 376 377 378 3 3 3 1
0 376 378 379 3 3 3 1
0 380 381 382 5 5 5 1
0 380 382 383 5 5 5 1
0 384 385 386 0 0 0 1
0 384 386 387 0 0 0 1
0 388 389 390 1 1 1 1
0 388 390 391 1 1 1 1
0 392 393 394 5 5 5 1
0 392 394 395 5 5 5 1
0 396 397 398 0 0 0 1
0 396 398 399 0 0 0 1
0 400 401 402 4 4 4 1
0 400 402 403 4 4 4 1
0 404 405 406 2 2 2 1
0 404 406 407 2 2 2 1
0 408 409 410 0 0 0 1
0 408 410 411 0 0 0 1
0 412 413 414 0 0 0 1
0 412 414 415 0 0 0 1
0 416 417 418 0 0 0 1
0 416 418 419 0 0 0 1
0 420 421 422 0 0 0 1
0 420 422 423 0 0 0 1
0 424 425 426 0 0 0 1
0 424 426 427 0 0 0 1
0 428 429 430 0 0 0 1
0 428 430 431 0 0 0 1
0 432 433 434 3 3 3 1
0 432 434 435 3 3 3 1
0 436 437 438 0 0 0 1
0 436 438 439 0 0 0 1
0 440 441 442 1 1 1 1
0 440 442 443 1 1 1 1
0 444 445 446 5 5 5 1
0 444 446 447 5 5 5 1
0 448 449 450 2 2 2 1
0 448 450 451 2 2 2 1
0 452 453 454 4 4 4 1
0 452 454 455 4 4 4 1
0 456 457 458 1 1 1 1
0 456 458 459 1 1 1 1
0 460 461 462 0 0 0 1
0 460 462 463 0 0 0 1
0 464 465 466 2 2 2 1
0 464 466 467 2 2 2 1
0 468 469 470 1 1 1 1
0 468 470 471 1 1 1 1
0 472 473 474 0 0 0 1
0 472 474 475 0 0 0 1
0 476 477 478 4 4 4 1
0 476 478 479 4 4 4 1
0 480 481 482 2 2 2 1
0 480 482 483 2 2 2 1
0 484 485 486 2 2 2 1
0 484 486 487 2 2 2 1
0 488 489 490 2 2 2 1
0 488 490 491 2 2 2 1
0 492 493 494 2 2 2 1
0 492 494 495 2 2 2 1
0 496 497 498 2 2 2 1
0 496 498 499 2 2 2 1
0 500 501 502 1 1 1 1
0 500 502 503 1 1 1 1
0 504 505 506 0 0 0 1
0 504 506 507 0 0 0 1
0 508 509 510 5 5 5 1
0 508 510 511 5 5 5 1
0 512 513 514 0 0 0 1
0 512 514 515 0 0 0 1
0 516 517 518 0 0 0 1
0 516 518 519 0 0 0 1
0 520 521 522 1 1 1 1
0 520 522 523 1 1 1 1
0 524 525 526 1 1 1 1
0 524 526 527 1 1 1 1
0 528 529 530 3 3 3 1
0 528 530 531 3 3 3 1
0 532 533 534 3 3 3 1
0 532 534 535 3 3 3 1
0 536 537 538 3 3 3 1
0 536 538 539 3 3 3 1
0 540 541 542 3 3 3 1
0 540 542 543 3 3 3 1
0 544 545 546 3 3 3 1
0 544 546 547 3 3 3 1
0 548 549 550 0 0 0 1
0 548 550 551 0 0 0 1
0 552 553 554 1 1 1 1
0 552 554 555 1 1 1 1
0 556 557 558 0 0 0 1
0 556 558 559 0 0 0 1
0 560 561 562 1 1 1 1
0 560 562 563 1 1 1 1
0 564 565 566 0 0 0 1
0 564 566 567 0 0 0 1
0 568 569 570 1 1 1 1
0 568 570 571 1 1 1 1
0 572 573 574 1 1 1 1
0 572 574 575 1 1 1 1
"light" 0 1
48
0 23.000000 -9.000000 29.999992 0.823333 0.656667 -1
0 23.000000 3.000000 29.999992 0.676667 0.656667 -1
0 23.000000 3.000000 30.999992 0.676667 0.510000 -1
0 23.000000 -9.000000 30.999992 0.823333 0.510000 -1
0 23.000000 -9.000000 30.999992 0.823333 0.823333 -1
0 23.000000 3.000000 30.999992 0.676667 0.823333 -1
0 -23.000000 3.000000 31.000008 0.676667 0.676667 -1
0 -23.000000 -9.000000 31.000008 0.823333 0.676667 -1
0 -23.000000 -9.000000 31.000008 0.823333 0.990000 -1
0 -23.000000 3.000000 31.000008 0.676667 0.990000 -1
0 -23.000000 3.000000 30.000008 0.676667 0.843333 -1
0 -23.000000 -9.000000 30.000008 0.823333 0.843333 -1
0 -23.000000 -9.000000 30.000008 0.156667 0.323333 -1
0 -23.000000 3.000000 30.000008 0.010000 0.323333 -1
0 23.000000 3.000000 29.999992 0.010000 0.176667 -1
0 23.000000 -9.000000 29.999992 0.156667 0.176667 -1
0 23.000000 -9.000000 30.999992 0.323333 0.323333 -1
0 -23.000000 -9.000000 31.000008 0.176667 0.323333 -1
0 -23.000000 -9.000000 30.000008 0.176667 0.176667 -1
0 23.000000 -9.000000 29.999992 0.323333 0.176667 -1
0 -23.000000 3.000000 31.000008 0.490000 0.156667 -1
0 23.000000 3.000000 30.999992 0.343333 0.156667 -1
0 23.000000 3.000000 29.999992 0.343333 0.010000 -1
0 -23.000000 3.000000 30.000008 0.490000 0.010000 -1
0 22.999994 -21.000000 14.999992 0.156667 0.676667 -1
0 22.999994 -9.000000 14.999992 0.156667 0.990000 -1
0 23.000002 -9.000000 31.149992 0.010000 0.990000 -1
0 23.000002 -21.000000 31.149992 0.010000 0.676667 -1
0 23.000002 -21.000000 31.149992 0.343333 0.510000 -1
0 23.000002 -9.000000 31.149992 0.656667 0.510000 -1
0 -22.999998 -9.000000 31.150007 0.656667 0.656667 -1
0 -22.999998 -21.000000 31.150007 0.343333 0.656667 -1
0 -22.999998 -21.000000 31.150007 0.656667 0.676667 -1
0 -22.999998 -9.000000 31.150007 0.656667 0.990000 -1
0 -23.000006 -9.000000 15.000008 0.510000 0.990000 -1
0 -23.000006 -21.000000 15.000008 0.510000 0.676667 -1
0 -23.000006 -21.000000 15.000008 0.010000 0.343333 -1
0 -23.000006 -9.000000 15.000008 0.323333 0.343333 -1
0 22.999994 -9.000000 14.999992 0.323333 0.490000 -1
0 22.999994 -21.000000 14.999992 0.010000 0.490000 -1
0 23.000002 -21.000000 31.149992 0.823333 0.323333 -1
0 -22.999998 -21.000000 31.150007 0.676667 0.323333 -1
0 -23.000006 -21.000000 15.000008 0.676667 0.176667 -1
0 22.999994 -21.000000 14.999992 0.823333 0.176667 -1
0 -22.999998 -9.000000 31.150007 0.156667 0.156667 -1
0 23.000002 -9.000000 31.149992 0.010000 0.156667 -1
0 22.999994 -9.000000 14.999992 0.010000 0.010000 -1
0 -23.000006 -9.000000 15.000008 0.156667 0.010000 -1
6
1.000000 0.000000 0.000000
0.000000 0.000000 1.000000
-1.000000 0.000000 0.000000
-0.000000 0.000000 -1.000000
0.000000 -1.000000 0.000000
0.000000 1.000000 0.000000
24
0 0 1 2 0 0 0 1
0 0 2 3 0 0 0 1
0 4 5 6 1 1 1 1
0 4 6 7 1 1 1 1
0 8 9 10 2 2 2 1
0 8 10 11 2 2 2 1
0 12 13 14 3 3 3 1
0 12 14 15 3 3 3 1
0 16 17 18 4 4 4 1
0 16 18 19 4 4 4 1
0 20 21 22 5 5 5 1
0 20 22 23 5 5 5 1
0 24 25 26 0 0 0 1
0 24 26 27 0 0 0 1
0 28 29 30 1 1 1 1
0 28 30 31 1 1 1 1
0 32 33 34 2 2 2 1
0 32 34 35 2 2 2 1
0 36 37 38 3 3 3 1
0 36 38 39 3 3 3 1
0 40 41 42 4 4 4 1
0 40 42 43 4 4 4 1
0 44 45 46 5 5 5 1
0 44 46 47 5 5 5 1
"dark" 0 0
132
0 -82.807137 24.417599 -30.355034 0.424783 0.511739 -1
0 82.807137 24.417599 -30.355034 0.357826 0.511739 -1
0 82.807137 24.417576 31.437662 0.357826 0.444783 -1
0 -82.807137 24.417576 31.437662 0.424783 0.444783 -1
0 -75.597839 15.087036 -10.666666 0.250870 0.033478 -1
0 -75.597839 30.000000 -10.666666 0.227391 0.033478 -1
0 -75.597839 30.000000 -32.000000 0.227391 0.010000 -1
0 -75.597839 15.087036 -32.000000 0.250870 0.010000 -1
0 -75.597839 15.087036 -32.000000 0.076957 0.401304 -1
0 -75.597839 30.000000 -32.000000 0.076957 0.424783 -1
0 -74.597839 30.000000 -32.000000 0.010000 0.424783 -1
0 -74.597839 15.087036 -32.000000 0.010000 0.401304 -1
0 -72.597839 15.087036 10.666666 0.163913 0.816087 -1
0 -74.597839 30.000000 10.666666 0.010000 0.816087 -1
0 -74.597839 30.000000 32.000000 0.010000 0.662174 -1
0 -74.597839 15.087036 32.000000 0.163913 0.662174 -1
0 -74.597839 15.087036 32.000000 0.598696 0.990000 -1
0 -74.597839 30.000000 32.000000 0.575217 0.990000 -1
0 -75.597839 30.000000 32.000000 0.575217 0.923043 -1
0 -75.597839 15.087036 32.000000 0.598696 0.923043 -1
0 -75.597839 -30.000000 10.666666 0.163913 0.990000 -1
0 -72.597839 -30.000000 10.666666 0.010000 0.990000 -1
0 -74.597839 -30.000000 32.000000 0.010000 0.836087 -1
0 -75.597839 -30.000000 32.000000 0.163913 0.836087 -1
0 -74.597839 30.000000 10.666666 0.444783 0.444783 -1
0 -75.597839 30.000000 10.666666 0.511739 0.444783 -1
0 -75.597839 30.000000 32.000000 0.511739 0.468261 -1
0 -74.597839 30.000000 32.000000 0.444783 0.468261 -1
0 -74.597839 30.000000 -32.000000 0.555217 0.488261 -1
0 -75.597839 30.000000 -32.000000 0.555217 0.555217 -1
0 -75.597839 30.000000 -10.666666 0.531739 0.555217 -1
0 -74.597839 30.000000 -10.666666 0.531739 0.488261 -1
0 -74.597839 30.000000 -10.666666 0.183913 0.444783 -1
0 -75.597839 30.000000 -10.666666 0.250870 0.444783 -1
0 -75.597839 30.000000 10.666666 0.250870 0.468261 -1
0 -74.597839 30.000000 10.666666 0.183913 0.468261 -1
0 -75.597839 -30.000000 -32.000000 0.337826 0.816087 -1
0 -74.597839 -30.000000 -32.000000 0.183913 0.816087 -1
0 -72.597839 -30.000000 -10.666666 0.183913 0.662174 -1
0 -75.597839 -30.000000 -10.666666 0.337826 0.662174 -1
0 -75.597839 -30.000000 -10.666666 0.468261 0.662174 -1
0 -72.597839 -30.000000 -10.666666 0.468261 0.816087 -1
0 -72.597839 -30.000000 10.666666 0.444783 0.816087 -1
0 -75.597839 -30.000000 10.666666 0.444783 0.662174 -1
0 -74.597839 15.087036 -32.000000 0.337826 0.990000 -1
0 -74.597839 30.000000 -32.000000 0.183913 0.990000 -1
0 -74.597839 30.000000 -10.666666 0.183913 0.836087 -1
0 -72.597839 15.087036 -10.666666 0.337826 0.836087 -1
0 -72.597839 15.087036 -10.666666 0.010000 0.531739 -1
0 -74.597839 30.000000 -10.666666 0.163913 0.531739 -1
0 -74.597839 30.000000 10.666666 0.163913 0.555217 -1
0 -72.597839 15.087036 10.666666 0.010000 0.555217 -1
0 -75.597839 15.087036 32.000000 0.990000 0.859565 -1
0 -75.597839 30.000000 32.000000 0.966522 0.859565 -1
0 -75.597839 30.000000 10.666666 0.966522 0.836087 -1
0 -75.597839 15.087036 10.666666 0.990000 0.836087 -1
0 -75.597839 15.087036 10.666666 0.990000 0.903043 -1
0 -75.597839 30.000000 10.666666 0.966522 0.903043 -1
0 -75.597839 30.000000 -10.666666 0.966522 0.879565 -1
0 -75.597839 15.087036 -10.666666 0.990000 0.879565 -1
0 -75.597839 -30.000000 10.666666 0.555217 0.923043 -1
0 -75.597839 15.087036 10.666666 0.555217 0.990000 -1
0 -75.597839 15.087036 -10.666666 0.531739 0.990000 -1
0 -75.597839 -30.000000 -10.666666 0.531739 0.923043 -1
0 -75.597839 -30.000000 32.000000 0.096957 0.401304 -1
0 -75.597839 15.087036 32.000000 0.163913 0.401304 -1
0 -75.597839 15.087036 10.666666 0.163913 0.424783 -1
0 -75.597839 -30.000000 10.666666 0.096957 0.424783 -1
0 -72.597839 -30.000000 -10.666666 0.511739 0.990000 -1
0 -72.597839 15.087036 -10.666666 0.444783 0.990000 -1
0 -75.597839 15.087036 -10.666666 0.444783 0.836087 -1
0 -75.597839 -30.000000 -10.666666 0.511739 0.836087 -1
0 -74.597839 -30.000000 -32.000000 0.163913 0.575217 -1
0 -74.597839 15.087036 -32.000000 0.163913 0.642174 -1
0 -72.597839 15.087036 -10.666666 0.010000 0.642174 -1
0 -72.597839 -30.000000 -10.666666 0.010000 0.575217 -1
0 -74.597839 -30.000000 32.000000 0.555217 0.729130 -1
0 -74.597839 15.087036 32.000000 0.488261 0.729130 -1
0 -75.597839 15.087036 32.000000 0.488261 0.662174 -1
0 -75.597839 -30.000000 32.000000 0.555217 0.662174 -1
0 -72.597839 -30.000000 10.666666 0.424783 0.990000 -1
0 -72.597839 15.087036 10.666666 0.357826 0.990000 -1
0 -74.597839 15.087036 32.000000 0.357826 0.836087 -1
0 -74.597839 -30.000000 32.000000 0.424783 0.836087 -1
0 -75.597839 -30.000000 -32.000000 0.511739 0.642174 -1
0 -75.597839 15.087036 -32.000000 0.444783 0.642174 -1
0 -74.597839 15.087036 -32.000000 0.444783 0.575217 -1
0 -74.597839 -30.000000 -32.000000 0.511739 0.575217 -1
0 -75.597839 -30.000000 -10.666666 0.010000 0.444783 -1
0 -75.597839 15.087036 -10.666666 0.076957 0.444783 -1
0 -75.597839 15.087036 -32.000000 0.076957 0.468261 -1
0 -75.597839 -30.000000 -32.000000 0.010000 0.468261 -1
0 -75.597839 -30.000000 -10.666666 0.555217 0.836087 -1
0 -75.597839 15.087036 -10.666666 0.555217 0.903043 -1
0 -75.597839 15.087036 10.666666 0.531739 0.903043 -1
0 -75.597839 -30.000000 10.666666 0.531739 0.836087 -1
0 -72.597839 15.087036 -10.666666 0.163913 0.488261 -1
0 -72.597839 15.087036 10.666666 0.163913 0.511739 -1
0 -75.597839 15.087036 10.666666 0.010000 0.511739 -1
0 -75.597839 15.087036 -10.666666 0.010000 0.488261 -1
0 -72.597839 15.087036 10.666666 0.424783 0.816087 -1
0 -72.597839 -30.000000 10.666666 0.357826 0.816087 -1
0 -75.597839 -30.000000 10.666666 0.357826 0.662174 -1
0 -75.597839 15.087036 10.666666 0.424783 0.662174 -1
0 -72.597839 -30.000000 10.666666 0.424783 0.618696 -1
0 -72.597839 -30.000000 -10.666666 0.424783 0.642174 -1
0 -75.597839 -30.000000 -10.666666 0.270870 0.642174 -1
0 -75.597839 -30.000000 10.666666 0.270870 0.618696 -1
0 74.589996 -30.000000 32.000000 0.250870 0.642174 -1
0 74.589996 30.000000 32.000000 0.183913 0.642174 -1
0 74.589996 30.000000 -32.000000 0.183913 0.575217 -1
0 74.589996 -30.000000 -32.000000 0.250870 0.575217 -1
0 74.589996 -30.000000 -32.000000 0.337826 0.511739 -1
0 74.589996 30.000000 -32.000000 0.270870 0.511739 -1
0 75.589996 30.000000 -32.000000 0.270870 0.444783 -1
0 75.589996 -30.000000 -32.000000 0.337826 0.444783 -1
0 75.589996 -30.000000 -32.000000 0.337826 0.598696 -1
0 75.589996 30.000000 -32.000000 0.270870 0.598696 -1
0 75.589996 30.000000 32.000000 0.270870 0.531739 -1
0 75.589996 -30.000000 32.000000 0.337826 0.531739 -1
0 75.589996 -30.000000 32.000000 0.424783 0.598696 -1
0 75.589996 30.000000 32.000000 0.357826 0.598696 -1
0 74.589996 30.000000 32.000000 0.357826 0.531739 -1
0 74.589996 -30.000000 32.000000 0.424783 0.531739 -1
0 74.589996 -30.000000 -32.000000 0.250870 0.555217 -1
0 75.589996 -30.000000 -32.000000 0.183913 0.555217 -1
0 75.589996 -30.000000 32.000000 0.183913 0.488261 -1
0 74.589996 -30.000000 32.000000 0.250870 0.488261 -1
0 75.589996 30.000000 -32.000000 0.511739 0.555217 -1
0 74.589996 30.000000 -32.000000 0.444783 0.555217 -1
0 74.589996 30.000000 32.000000 0.444783 0.488261 -1
0 75.589996 30.000000 32.000000 0.511739 0.488261 -1
30
0.000000 -1.000000 -0.000000
-1.000000 0.000000 0.000000
-0.707100 0.707100 0.000000
-0.577300 0.577300 -0.577300
-0.707100 0.000000 -0.707100
0.554800 0.593900 -0.582700
0.681200 0.022800 -0.731700
0.930100 -0.250300 -0.268900
0.670400 0.741800 0.015700
0.554800 0.593900 0.582700
0.681200 0.022800 0.731700
-0.577300 0.577300 0.577300
-0.707100 0.000000 0.707100
-0.707100 -0.707100 0.000000
0.606200 -0.572600 -0.552000
0.547300 -0.582400 0.601000
-0.577300 -0.577300 0.577300
0.670400 0.741800 -0.015700
-0.577300 -0.577300 -0.577300
0.547300 -0.582400 -0.601000
0.606200 -0.572600 0.552000
0.930100 -0.250300 0.268900
0.577300 -0.577300 0.577300
0.577300 0.577300 0.577300
0.577300 -0.577300 -0.577300
0.577300 0.577300 -0.577300
0.000000 0.000000 -1.000000
1.000000 0.000000 0.000000
0.000000 0.000000 1.000000
0.000000 1.000000 0.000000
66
0 0 1 2 0 0 0 1
0 0 2 3 0 0 0 1
0 4 5 6 1 2 3 1
0 4 6 7 1 3 4 1
0 8 9 10 4 3 5 1
0 8 10 11 4 5 6 1
0 12 13 14 7 8 9 1
0 12 14 15 7 9 10 1
0 16 17 18 10 9 11 1
0 16 18 19 10 11 12 1
0 20 21 22 13 14 15 1
0 20 22 23 13 15 16 1
0 24 25 26 8 2 11 1
0 24 26 27 8 11 9 1
0 28 29 30 5 3 2 1
0 28 30 31 5 2 17 1
0 32 33 34 17 2 2 1
0 32 34 35 17 2 8 1
0 36 37 38 18 19 20 1
0 36 38 39 18 20 13 1
0 40 41 42 13 20 14 1
0 40 42 43 13 14 13 1
0 44 45 46 6 5 17 1
0 44 46 47 6 17 21 1
0 48 49 50 21 17 8 1
0 48 50 51 21 8 7 1
0 52 53 54 12 11 2 1
0 52 54 55 12 2 1 1
0 56 57 58 1 2 2 1
0 56 58 59 1 2 1 1
0 60 61 62 13 1 1 1
0 60 62 63 13 1 13 1
0 64 65 66 16 12 1 1
0 64 66 67 16 1 13 1
0 68 69 70 20 21 22 1
0 68 70 71 20 22 23 1
0 72 73 74 19 6 21 1
0 72 74 75 19 21 20 1
0 76 77 78 15 10 12 1
0 76 78 79 15 12 16 1
0 80 81 82 14 7 10 1
0 80 82 83 14 10 15 1
0 84 85 86 18 4 6 1
0 84 86 87 18 6 19 1
0 88 89 90 13 1 4 1
0 88 90 91 13 4 18 1
0 92 93 94 23 22 24 1
0 92 94 95 23 24 25 1
0 96 97 98 21 7 24 1
0 96 98 99 21 24 22 1
0 100 101 102 7 14 25 1
0 100 102 103 7 25 24 1
0 104 105 106 14 20 23 1
0 104 106 107 14 23 25 1
0 108 109 110 1 1 1 1
0 108 110 111 1 1 1 1
0 112 113 114 26 26 26 1
0 112 114 115 26 26 26 1
0 116 117 118 27 27 27 1
0 116 118 119 27 27 27 1
0 120 121 122 28 28 28 1
0 120 122 123 28 28 28 1
0 124 125 126 0 0 0 1
0 124 126 127 0 0 0 1
0 128 129 130 29 29 29 1
0 128 130 131 29 29 29 1
"paper" 0 2
50
0 -72.228691 6.534014 -22.226290 0.750000 0.750000 -1
0 -72.049202 4.081178 -21.783812 0.750000 1.000000 -1
0 -72.265419 3.640655 -24.234890 1.000000 1.000000 -1
0 -72.353264 6.093491 -24.677368 1.000000 0.750000 -1
0 -72.608147 13.892521 -23.553722 0.750000 0.000000 -1
0 -72.571045 11.439686 -23.111246 0.750000 0.250000 -1
0 -72.462776 10.999163 -25.562325 1.000000 0.250000 -1
0 -72.499878 13.451998 -26.004801 1.000000 0.000000 -1
0 -72.498634 8.986850 -22.668768 0.750000 0.500000 -1
0 -72.425667 8.546327 -25.119846 1.000000 0.500000 -1
0 -72.932945 15.214090 -16.200489 0.000000 0.000000 -1
0 -72.895844 12.761255 -15.758012 0.000000 0.250000 -1
0 -72.787575 12.320732 -18.209089 0.250000 0.250000 -1
0 -72.824677 14.773567 -18.651567 0.250000 0.000000 -1
0 -72.679306 11.880209 -20.660168 0.500000 0.250000 -1
0 -72.716415 14.333044 -21.102646 0.500000 0.000000 -1
0 -72.858742 10.308419 -15.315534 0.000000 0.500000 -1
0 -72.715172 9.867896 -17.766611 0.250000 0.500000 -1
0 -72.556160 9.427373 -20.217690 0.500000 0.500000 -1
0 -72.786331 7.855583 -14.873056 0.000000 0.750000 -1
0 -72.445221 7.415060 -17.324133 0.250000 0.750000 -1
0 -72.194572 6.974537 -19.775211 0.500000 0.750000 -1
0 -72.698486 5.402748 -14.430578 0.000000 1.000000 -1
0 -72.265732 4.962224 -16.881655 0.250000 1.000000 -1
0 -71.958931 4.521701 -19.332733 0.500000 1.000000 -1
0 -72.308594 -10.002713 -23.482092 0.750000 0.750000 -1
0 -72.087914 -13.105069 -23.634806 0.750000 1.000000 -1
0 -72.535110 -12.963856 -26.714287 1.000000 1.000000 -1
0 -72.641785 -9.861301 -26.568130 1.000000 0.750000 -1
0 -72.772804 -0.695300 -23.035328 0.750000 0.000000 -1
0 -72.729263 -3.797966 -23.177855 0.750000 0.250000 -1
0 -72.772781 -3.656047 -26.280548 1.000000 0.250000 -1
0 -72.816322 -0.553382 -26.138021 1.000000 0.000000 -1
0 -72.641808 -6.900554 -23.322908 0.750000 0.500000 -1
0 -72.729240 -6.758713 -26.423077 1.000000 0.500000 -1
0 -72.642250 -1.121055 -13.727247 0.000000 0.000000 -1
0 -72.598709 -4.223721 -13.869775 0.000000 0.250000 -1
0 -72.642227 -4.081802 -16.972467 0.250000 0.250000 -1
0 -72.685768 -0.979136 -16.829941 0.250000 0.000000 -1
0 -72.685745 -3.939884 -20.075161 0.500000 0.250000 -1
0 -72.729286 -0.837218 -19.932634 0.500000 0.000000 -1
0 -72.555168 -7.326385 -14.012302 0.000000 0.500000 -1
0 -72.554771 -7.184391 -17.117521 0.250000 0.500000 -1
0 -72.535156 -7.042362 -20.223845 0.500000 0.500000 -1
0 -72.467705 -10.428974 -14.157355 0.000000 0.750000 -1
0 -72.221550 -10.286550 -17.276705 0.250000 0.750000 -1
0 -72.087936 -10.144321 -20.389585 0.500000 0.750000 -1
0 -72.361031 -13.531528 -14.303514 0.000000 1.000000 -1
0 -72.000870 -13.388906 -17.429419 0.250000 1.000000 -1
0 -71.797394 -13.246555 -20.546316 0.500000 1.000000 -1
26
0.996200 0.040500 -0.076500
0.998900 0.022300 0.040100
0.999100 0.028100 0.031900
0.997600 0.065600 -0.022300
0.998500 0.030600 0.045800
0.997800 0.048000 0.045800
0.998700 0.044500 0.025800
0.993000 0.084300 0.083000
0.988800 0.137700 0.057900
0.992100 0.124500 -0.017600
0.986800 0.079300 0.141500
0.990400 0.100900 0.094500
0.996200 0.077200 -0.039200
0.990700 0.058200 -0.122700
0.999800 0.014600 -0.013400
0.999600 0.022000 -0.020100
0.995400 0.070600 -0.064400
0.999800 0.021400 -0.006000
0.999300 0.038400 -0.002100
0.999000 0.039400 -0.022400
0.996900 0.065500 0.042500
0.991900 0.123200 0.030100
0.990800 0.127100 -0.046600
0.994000 0.047700 0.098700
0.995200 0.079100 0.057500
0.993200 0.085700 -0.078200
64
0 0 1 2 0 0 0 1
0 0 2 3 0 0 0 1
0 4 5 6 1 1 1 1
0 4 6 7 1 1 1 1
0 5 8 9 2 2 2 1
0 5 9 6 2 2 2 1
0 8 0 3 3 3 3 1
0 8 3 9 3 3 3 1
0 10 11 12 1 1 1 1
0 10 12 13 1 1 1 1
0 13 12 14 1 1 1 1
0 13 14 15 1 1 1 1
0 15 14 5 1 1 1 1
0 15 5 4 1 1 1 1
0 11 16 17 4 4 4 1
0 11 17 12 4 4 4 1
0 12 17 18 5 5 5 1
0 12 18 14 5 5 5 1
0 14 18 8 6 6 6 1
0 14 8 5 6 6 6 1
0 16 19 20 7 7 7 1
0 16 20 17 7 7 7 1
0 17 20 21 8 8 8 1
0 17 21 18 8 8 8 1
0 18 21 0 9 9 9 1
0 18 0 8 9 9 9 1
0 19 22 23 10 10 10 1
0 19 23 20 10 10 10 1
0 20 23 24 11 11 11 1
0 20 24 21 11 11 11 1
0 21 24 1 12 12 12 1
0 21 1 0 12 12 12 1
0 25 26 27 13 13 13 1
0 25 27 28 13 13 13 1
0 29 30 31 14 14 14 1
0 29 31 32 14 14 14 1
0 30 33 34 15 15 15 1
0 30 34 31 15 15 15 1
0 33 25 28 16 16 16 1
0 33 28 34 16 16 16 1
0 35 36 37 14 14 14 1
0 35 37 38 14 14 14 1
0 38 37 39 14 14 14 1
0 38 39 40 14 14 14 1
0 40 39 30 14 14 14 1
0 40 30 29 14 14 14 1
0 36 41 42 17 17 17 1
0 36 42 37 17 17 17 1
0 37 42 43 18 18 18 1
0 37 43 39 18 18 18 1
0 39 43 33 19 19 19 1
0 39 33 30 19 19 19 1
0 41 44 45 20 20 20 1
0 41 45 42 20 20 20 1
0 42 45 46 21 21 21 1
0 42 46 43 21 21 21 1
0 43 46 25 22 22 22 1
0 43 25 33 22 22 22 1
0 44 47 48 23 23 23 1
0 44 48 45 23 23 23 1
0 45 48 49 24 24 24 1
0 45 49 46 24 24 24 1
0 46 49 26 25 25 25 1
0 46 26 25 25 25 25 1
"paper2" 0 3
36
0 -72.776718 -8.356100 16.128281 0.804600 0.805908 -1
0 -72.768616 -13.568551 16.176338 0.804600 1.009847 -1
0 -72.773277 -13.471540 13.274567 1.007666 1.009847 -1
0 -72.781319 -8.298331 13.216253 1.007666 0.805909 -1
0 -72.786606 12.756757 16.130093 0.804600 -0.009848 -1
0 -72.799477 7.234173 15.979856 0.804600 0.194092 -1
0 -72.801048 7.178506 13.053574 1.007666 0.194092 -1
0 -72.784615 12.677638 13.216860 1.007666 -0.009848 -1
0 -72.807213 1.849422 15.894892 0.804600 0.398030 -1
0 -72.810570 1.793862 12.958945 1.007666 0.398031 -1
0 -72.797287 -3.264968 15.979455 0.804600 0.601969 -1
0 -72.800850 -3.279248 13.053537 1.007666 0.601970 -1
0 -72.809959 13.425226 27.794441 -0.007666 -0.009848 -1
0 -72.800621 8.004206 27.792728 -0.007666 0.194091 -1
0 -72.799438 7.934424 24.877659 0.195400 0.194092 -1
0 -72.806671 13.356859 24.891209 0.195400 -0.009848 -1
0 -72.798698 7.713474 21.919189 0.398467 0.194092 -1
0 -72.799133 13.189074 21.984219 0.398467 -0.009848 -1
0 -72.798599 7.441288 18.943352 0.601533 0.194092 -1
0 -72.791931 12.958089 19.058231 0.601533 -0.009848 -1
0 -72.784508 2.442306 27.789770 -0.007666 0.398030 -1
0 -72.786530 2.366381 24.855543 0.195400 0.398030 -1
0 -72.791794 2.181430 21.874121 0.398467 0.398030 -1
0 -72.799316 1.983306 18.876833 0.601533 0.398030 -1
0 -72.777496 -2.930265 27.788483 -0.007666 0.601969 -1
0 -72.777481 -2.975626 24.873631 0.195400 0.601969 -1
0 -72.782372 -3.079636 21.916193 0.398467 0.601969 -1
0 -72.790016 -3.190821 18.941778 0.601533 0.601969 -1
0 -72.771851 -8.274384 27.787449 -0.007666 0.805908 -1
0 -72.768890 -8.336029 24.884275 0.195400 0.805909 -1
0 -72.768013 -8.365242 21.978508 0.398467 0.805908 -1
0 -72.771324 -8.377769 19.054449 0.601533 0.805908 -1
0 -72.768616 -13.568551 27.786854 -0.007666 1.009847 -1
0 -72.764687 -13.650132 24.883507 0.195400 1.009847 -1
0 -72.763039 -13.684408 21.980574 0.398467 1.009847 -1
0 -72.764687 -13.650132 19.078247 0.601533 1.009847 -1
24
1.000000 0.001500 -0.001600
1.000000 -0.002700 0.000100
1.000000 -0.001600 -0.000800
1.000000 0.001900 -0.001200
1.000000 0.003900 -0.001400
1.000000 0.001500 0.000700
1.000000 0.000700 0.001400
1.000000 -0.000600 0.001300
1.000000 -0.001800 0.000900
1.000000 0.002600 -0.000200
1.000000 0.001800 -0.000900
1.000000 0.000600 -0.001300
1.000000 -0.000800 -0.001400
1.000000 0.001500 -0.000400
1.000000 0.001700 -0.001800
1.000000 0.001800 -0.002600
1.000000 0.001300 0.000500
1.000000 0.002200 -0.000700
1.000000 0.003100 -0.001900
1.000000 0.003800 -0.002200
1.000000 0.000700 0.001200
1.000000 0.000900 0.000400
1.000000 0.001100 -0.000800
1.000000 0.001400 -0.001600
50
0 0 1 2 0 0 0 1
0 0 2 3 0 0 0 1
0 4 5 6 1 1 1 1
0 4 6 7 1 1 1 1
0 5 8 9 2 2 2 1
0 5 9 6 2 2 2 1
0 8 10 11 3 3 3 1
0 8 11 9 3 3 3 1
0 10 0 3 4 4 4 1
0 10 3 11 4 4 4 1
0 12 13 14 5 5 5 1
0 12 14 15 5 5 5 1
0 15 14 16 6 6 6 1
0 15 16 17 6 6 6 1
0 17 16 18 7 7 7 1
0 17 18 19 7 7 7 1
0 19 18 5 8 8 8 1
0 19 5 4 8 8 8 1
0 13 20 21 9 9 9 1
0 13 21 14 9 9 9 1
0 14 21 22 10 10 10 1
0 14 22 16 10 10 10 1
0 16 22 23 11 11 11 1
0 16 23 18 11 11 11 1
0 18 23 8 12 12 12 1
0 18 8 5 12 12 12 1
0 20 24 25 13 13 13 1
0 20 25 21 13 13 13 1
0 21 25 26 14 14 14 1
0 21 26 22 14 14 14 1
0 22 26 27 15 15 15 1
0 22 27 23 15 15 15 1
0 23 27 10 15 15 15 1
0 23 10 8 15 15 15 1
0 24 28 29 16 16 16 1
0 24 29 25 16 16 16 1
0 25 29 30 17 17 17 1
0 25 30 26 17 17 17 1
0 26 30 31 18 18 18 1
0 26 31 27 18 18 18 1
0 27 31 0 19 19 19 1
0 27 0 10 19 19 19 1
0 28 32 33 20 20 20 1
0 28 33 29 20 20 20 1
0 29 33 34 21 21 21 1
0 29 34 30 21 21 21 1
0 30 34 35 22 22 22 1
0 30 35 31 22 22 22 1
0 31 35 1 23 23 23 1
0 31 1 0 23 23 23 1

Materials: 4
"dark"
0.294118 0.294118 0.294118 1.000000
0.125490 0.125490 0.125490 1.000000
0.498039 0.498039 0.498039 1.000000
0.200000 0.200000 0.200000 1.000000
0.128000
1.000000
""
""
"light"
1.000000 1.000000 1.000000 1.000000
0.800000 0.800000 0.800000 1.000000
0.500000 0.500000 0.500000 1.000000
0.000000 0.000000 0.000000 1.000000
0.128000
1.000000
""
""
"paper"
1.000000 1.000000 1.000000 1.000000
0.800000 0.800000 0.800000 1.000000
0.500000 0.500000 0.500000 1.000000
0.000000 0.000000 0.000000 1.000000
0.185600
1.000000
"paper1.png"
""
"paper2"
1.000000 1.000000 1.000000 1.000000
0.800000 0.800000 0.800000 1.000000
0.500000 0.500000 0.500000 1.000000
0.000000 0.000000 0.000000 1.000000
0.185600
1.000000
"paper2.png"
""

Bones: 0
GroupComments: 0
MaterialComments: 0
BoneComments: 0
ModelComment: 0
