// MilkShape 3D ASCII

Frames: 30
Frame: 1

Meshes: 10
"default" 1 0
324
1 -828.971313 -199.999878 -374.305756 0.982139 0.433807 -1
1 -828.971313 -200.000122 374.305756 0.982139 0.405919 -1
1 828.971313 -200.000122 374.305756 0.954252 0.405919 -1
1 828.971313 -199.999878 -374.305756 0.954252 0.433807 -1
1 -828.971313 -197.834351 -374.305756 0.982139 0.433807 -1
1 828.971313 -197.834351 -374.305756 0.954252 0.433807 -1
1 828.971313 -197.834610 374.305756 0.954252 0.405919 -1
1 -828.971313 -197.834610 374.305756 0.982139 0.405919 -1
1 309.400513 216.382355 -300.000000 0.602991 0.179548 -1
1 309.400513 375.148132 -299.999969 0.526240 0.179548 -1
1 375.148132 375.148132 -299.999969 0.526240 0.163972 -1
1 375.148132 216.382355 -300.000000 0.602991 0.163972 -1
1 -315.846344 216.382355 -300.000000 0.602991 0.327668 -1
1 -315.846344 375.148132 -299.999969 0.526240 0.327668 -1
1 -125.049370 375.148132 -299.999969 0.526240 0.282468 -1
1 -125.049370 216.382355 -300.000000 0.602991 0.282468 -1
1 99.653793 216.382355 -300.000000 0.602991 0.229236 -1
1 99.653793 375.148132 -299.999969 0.526240 0.229236 -1
1 125.049370 375.148132 -299.999969 0.526240 0.223220 -1
1 125.049370 216.382355 -300.000000 0.602991 0.223220 -1
1 -375.148132 216.382370 -300.000000 0.602991 0.341717 -1
1 -375.148132 375.148132 -299.999969 0.526240 0.341717 -1
1 -99.682358 375.148132 -299.999969 0.526240 0.276459 -1
1 -99.682358 216.382355 -300.000000 0.602991 0.276459 -1
1 -99.682358 -375.148132 -300.000031 0.888950 0.276459 -1
1 -99.682358 57.616611 -300.000000 0.679742 0.276459 -1
1 99.653793 57.616611 -300.000000 0.679742 0.229236 -1
1 99.653793 -375.148132 -300.000031 0.888950 0.229236 -1
1 -125.049370 -375.148132 -300.000031 0.888950 0.282468 -1
1 -125.049370 57.616611 -300.000000 0.679742 0.282468 -1
1 -375.148132 -375.148132 -300.000031 0.888950 0.341717 -1
1 -375.148132 57.616611 -300.000000 0.679742 0.341717 -1
1 -315.846344 57.616611 -300.000000 0.679742 0.327668 -1
1 -315.846344 -375.148132 -300.000031 0.888950 0.327668 -1
1 125.049370 -375.148132 -300.000031 0.888950 0.223220 -1
1 125.049370 57.616611 -300.000000 0.679742 0.223220 -1
1 309.400513 57.616611 -300.000000 0.679742 0.179548 -1
1 309.400513 -375.148132 -300.000031 0.888950 0.179548 -1
1 375.148132 57.616611 -300.000000 0.679742 0.163972 -1
1 375.148132 -375.148132 -300.000031 0.888950 0.163972 -1
1 -125.049370 97.308029 -300.000000 0.660554 0.282468 -1
1 -99.682358 97.308029 -300.000000 0.660554 0.276459 -1
1 -375.148132 97.308029 -300.000000 0.660554 0.341717 -1
1 -315.846344 97.308029 -300.000000 0.660554 0.327668 -1
1 99.653793 97.308029 -300.000000 0.660554 0.229236 -1
1 125.049370 97.308029 -300.000000 0.660554 0.223220 -1
1 309.400513 97.308029 -300.000000 0.660554 0.179548 -1
1 375.148132 97.308029 -300.000000 0.660554 0.163972 -1
1 309.400513 216.382355 -305.000000 0.602991 0.179548 -1
1 375.148132 216.382355 -305.000000 0.602991 0.163972 -1
1 375.148132 375.148132 -304.999969 0.526240 0.163972 -1
1 309.400513 375.148132 -304.999969 0.526240 0.179548 -1
1 -315.846344 216.382355 -305.000000 0.602991 0.327668 -1
1 -125.049370 216.382355 -305.000000 0.602991 0.282468 -1
1 -125.049370 375.148132 -304.999969 0.526240 0.282468 -1
1 -315.846344 375.148132 -304.999969 0.526240 0.327668 -1
1 99.653793 216.382355 -305.000000 0.602991 0.229236 -1
1 125.049370 216.382355 -305.000000 0.602991 0.223220 -1
1 125.049370 375.148132 -304.999969 0.526240 0.223220 -1
1 99.653793 375.148132 -304.999969 0.526240 0.229236 -1
1 -375.148132 216.382370 -305.000000 0.602991 0.341717 -1
1 -375.148132 375.148132 -304.999969 0.526240 0.341717 -1
1 -99.682358 216.382355 -305.000000 0.602991 0.276459 -1
1 -99.682358 375.148132 -304.999969 0.526240 0.276459 -1
1 -99.682358 -375.148132 -305.000031 0.888950 0.276459 -1
1 99.653793 -375.148132 -305.000031 0.888950 0.229236 -1
1 99.653793 57.616611 -305.000000 0.679742 0.229236 -1
1 -99.682358 57.616611 -305.000000 0.679742 0.276459 -1
1 -125.049370 -375.148132 -305.000031 0.888950 0.282468 -1
1 -125.049370 57.616611 -305.000000 0.679742 0.282468 -1
1 -375.148132 -375.148132 -305.000031 0.888950 0.341717 -1
1 -315.846344 -375.148132 -305.000031 0.888950 0.327668 -1
1 -315.846344 57.616611 -305.000000 0.679742 0.327668 -1
1 -375.148132 57.616611 -305.000000 0.679742 0.341717 -1
1 125.049370 -375.148132 -305.000031 0.888950 0.223220 -1
1 309.400513 -375.148132 -305.000031 0.888950 0.179548 -1
1 309.400513 57.616611 -305.000000 0.679742 0.179548 -1
1 125.049370 57.616611 -305.000000 0.679742 0.223220 -1
1 375.148132 -375.148132 -305.000031 0.888950 0.163972 -1
1 375.148132 57.616611 -305.000000 0.679742 0.163972 -1
1 -125.049370 97.308029 -305.000000 0.660554 0.282468 -1
1 -99.682358 97.308029 -305.000000 0.660554 0.276459 -1
1 -375.148132 97.308029 -305.000000 0.660554 0.341717 -1
1 -315.846344 97.308029 -305.000000 0.660554 0.327668 -1
1 99.653793 97.308029 -305.000000 0.660554 0.229236 -1
1 125.049370 97.308029 -305.000000 0.660554 0.223220 -1
1 309.400513 97.308029 -305.000000 0.660554 0.179548 -1
1 375.148132 97.308029 -305.000000 0.660554 0.163972 -1
1 -125.049370 91.354324 -300.000000 0.991771 0.276459 -1
1 -125.049370 57.616611 -300.000000 0.991771 0.284452 -1
1 -125.049370 57.616611 -305.000000 0.994188 0.284452 -1
1 -125.049370 91.354324 -305.000000 0.994188 0.276459 -1
1 125.049370 97.308029 -300.000000 0.988670 0.309153 -1
1 125.049370 216.382355 -300.000000 0.988670 0.280945 -1
1 125.049370 216.382355 -305.000000 0.991087 0.280945 -1
1 125.049370 97.308029 -305.000000 0.991087 0.309153 -1
1 -125.049370 375.148132 -299.999969 0.666230 0.282468 -1
1 -315.846344 375.148132 -299.999969 0.666230 0.327668 -1
1 -315.846344 375.148132 -304.999969 0.668647 0.327668 -1
1 -125.049370 375.148132 -304.999969 0.668647 0.282468 -1
1 309.400513 91.354324 -300.000000 0.988670 0.310564 -1
1 309.400513 57.616611 -300.000000 0.988670 0.318556 -1
1 309.400513 57.616611 -305.000000 0.991087 0.318556 -1
1 309.400513 91.354324 -305.000000 0.991087 0.310564 -1
1 -375.148132 91.354324 -305.000000 0.663433 0.341717 -1
1 -775.148193 97.308029 -305.000000 0.660554 0.436476 -1
1 -775.148193 91.354324 -305.000000 0.663433 0.436476 -1
1 -375.148132 -375.148132 -300.000031 0.666230 0.341717 -1
1 -315.846344 -375.148132 -300.000031 0.666230 0.327668 -1
1 -315.846344 -375.148132 -305.000031 0.668647 0.327668 -1
1 -375.148132 -375.148132 -305.000031 0.668647 0.341717 -1
1 -315.846344 97.308029 -300.000000 0.991771 0.275049 -1
1 -315.846344 216.382355 -300.000000 0.991771 0.246840 -1
1 -315.846344 216.382355 -305.000000 0.994188 0.246840 -1
1 -315.846344 97.308029 -305.000000 0.994188 0.275049 -1
1 309.400513 -375.148132 -300.000031 0.666230 0.179548 -1
1 375.148132 -375.148132 -300.000031 0.666230 0.163972 -1
1 375.148132 -375.148132 -305.000031 0.668647 0.163972 -1
1 309.400513 -375.148132 -305.000031 0.668647 0.179548 -1
1 -99.682358 97.308029 -300.000000 0.976269 0.244045 -1
1 -99.682358 216.382355 -300.000000 0.976269 0.215836 -1
1 -99.682358 216.382355 -305.000000 0.978686 0.215836 -1
1 -99.682358 97.308029 -305.000000 0.978686 0.244045 -1
1 375.148132 91.354324 -305.000000 0.663433 0.163972 -1
1 775.148193 91.354324 -305.000000 0.663433 0.069212 -1
1 775.148193 97.308029 -305.000000 0.660554 0.069212 -1
1 -125.049370 -375.148132 -300.000031 0.666230 0.282468 -1
1 -99.682358 -375.148132 -300.000031 0.666230 0.276459 -1
1 -99.682358 -375.148132 -305.000031 0.668647 0.276459 -1
1 -125.049370 -375.148132 -305.000031 0.668647 0.282468 -1
1 99.653793 91.354324 -300.000000 0.976269 0.245455 -1
1 99.653793 57.616611 -300.000000 0.976269 0.253448 -1
1 99.653793 57.616611 -305.000000 0.978686 0.253448 -1
1 99.653793 91.354324 -305.000000 0.978686 0.245455 -1
1 -375.148132 375.148132 -299.999969 0.666230 0.341717 -1
1 -375.148132 375.148132 -304.999969 0.668647 0.341717 -1
1 99.653793 57.616611 -300.000000 0.976269 0.226136 -1
1 -99.682358 57.616611 -300.000000 0.976269 0.273358 -1
1 -99.682358 57.616611 -305.000000 0.978686 0.273358 -1
1 99.653793 57.616611 -305.000000 0.978686 0.226136 -1
1 99.653793 375.148132 -299.999969 0.666230 0.229236 -1
1 -99.682358 375.148132 -299.999969 0.666230 0.276459 -1
1 -99.682358 375.148132 -304.999969 0.668647 0.276459 -1
1 99.653793 375.148132 -304.999969 0.668647 0.229236 -1
1 -775.148193 216.382370 -305.000000 0.602991 0.436476 -1
1 -99.682358 216.382355 -300.000000 0.976269 0.273358 -1
1 99.653793 216.382355 -300.000000 0.976269 0.226136 -1
1 99.653793 216.382355 -305.000000 0.978686 0.226136 -1
1 -99.682358 216.382355 -305.000000 0.978686 0.273358 -1
1 99.653793 -375.148132 -300.000031 0.666230 0.229236 -1
1 125.049370 -375.148132 -300.000031 0.666230 0.223220 -1
1 125.049370 -375.148132 -305.000031 0.668647 0.223220 -1
1 99.653793 -375.148132 -305.000031 0.668647 0.229236 -1
1 309.400513 375.148132 -299.999969 0.666230 0.179548 -1
1 125.049370 375.148132 -299.999969 0.666230 0.223220 -1
1 125.049370 375.148132 -304.999969 0.668647 0.223220 -1
1 309.400513 375.148132 -304.999969 0.668647 0.179548 -1
1 309.400513 57.616611 -300.000000 0.988670 0.241555 -1
1 125.049370 57.616611 -300.000000 0.988670 0.285228 -1
1 125.049370 57.616611 -305.000000 0.991087 0.285228 -1
1 309.400513 57.616611 -305.000000 0.991087 0.241555 -1
1 125.049370 216.382355 -300.000000 0.988670 0.285228 -1
1 309.400513 216.382355 -300.000000 0.988670 0.241555 -1
1 309.400513 216.382355 -305.000000 0.991087 0.241555 -1
1 125.049370 216.382355 -305.000000 0.991087 0.285228 -1
1 -125.049370 57.616611 -300.000000 0.991771 0.310372 -1
1 -315.846344 57.616611 -300.000000 0.991771 0.355572 -1
1 -315.846344 57.616611 -305.000000 0.994188 0.355572 -1
1 -125.049370 57.616611 -305.000000 0.994188 0.310372 -1
1 -375.148132 91.354324 -300.000000 0.663433 0.341717 -1
1 -775.148193 57.616611 -300.000000 0.679742 0.436476 -1
1 -775.148193 91.354324 -300.000000 0.663433 0.436476 -1
1 775.148193 375.148132 -299.999969 0.526240 0.069212 -1
1 775.148193 216.382355 -300.000000 0.602991 0.069212 -1
1 -315.846344 216.382355 -300.000000 0.991771 0.355572 -1
1 -125.049370 216.382355 -300.000000 0.991771 0.310372 -1
1 -125.049370 216.382355 -305.000000 0.994188 0.310372 -1
1 -315.846344 216.382355 -305.000000 0.994188 0.355572 -1
1 375.148132 375.148132 -299.999969 0.666230 0.163972 -1
1 375.148132 375.148132 -304.999969 0.668647 0.163972 -1
1 775.148193 375.148132 -304.999969 0.668647 0.069212 -1
1 775.148193 375.148132 -299.999969 0.666230 0.069212 -1
1 -775.148193 97.308029 -300.000000 0.660554 0.436476 -1
1 -315.846344 91.354324 -300.000000 0.666230 0.248556 -1
1 -315.846344 97.308029 -300.000000 0.666230 0.247145 -1
1 -315.846344 97.308029 -305.000000 0.668647 0.247145 -1
1 -315.846344 91.354324 -305.000000 0.668647 0.248556 -1
1 -315.846344 91.354324 -305.000000 0.663433 0.327668 -1
1 -315.846344 91.354324 -300.000000 0.663433 0.327668 -1
1 -99.682358 91.354324 -300.000000 0.666230 0.248556 -1
1 -99.682358 97.308029 -300.000000 0.666230 0.247145 -1
1 -99.682358 97.308029 -305.000000 0.668647 0.247145 -1
1 -99.682358 91.354324 -305.000000 0.668647 0.248556 -1
1 -125.049370 216.382355 -300.000000 0.991771 0.246840 -1
1 -125.049370 97.308029 -300.000000 0.991771 0.275049 -1
1 -125.049370 97.308029 -305.000000 0.994188 0.275049 -1
1 -125.049370 216.382355 -305.000000 0.994188 0.246840 -1
1 -125.049370 91.354324 -305.000000 0.663433 0.282468 -1
1 -99.682358 91.354324 -305.000000 0.663433 0.276459 -1
1 -125.049370 91.354324 -300.000000 0.663433 0.282468 -1
1 -99.682358 91.354324 -300.000000 0.663433 0.276459 -1
1 99.653793 216.382355 -300.000000 0.976269 0.215836 -1
1 99.653793 97.308029 -300.000000 0.976269 0.244045 -1
1 99.653793 97.308029 -305.000000 0.978686 0.244045 -1
1 99.653793 216.382355 -305.000000 0.978686 0.215836 -1
1 125.049370 91.354324 -305.000000 0.663433 0.223220 -1
1 99.653793 91.354324 -305.000000 0.663433 0.229236 -1
1 99.653793 91.354324 -300.000000 0.663433 0.229236 -1
1 125.049370 91.354324 -300.000000 0.663433 0.223220 -1
1 375.148132 91.354324 -300.000000 0.663433 0.163972 -1
1 775.148193 91.354324 -300.000000 0.663433 0.069212 -1
1 775.148193 57.616611 -300.000000 0.679742 0.069212 -1
1 309.400513 216.382355 -300.000000 0.988670 0.280945 -1
1 309.400513 97.308029 -300.000000 0.988670 0.309153 -1
1 309.400513 97.308029 -305.000000 0.991087 0.309153 -1
1 309.400513 216.382355 -305.000000 0.991087 0.280945 -1
1 309.400513 91.354324 -305.000000 0.663433 0.179548 -1
1 309.400513 91.354324 -300.000000 0.663433 0.179548 -1
1 -315.846344 57.616611 -300.000000 0.991771 0.284452 -1
1 -315.846344 91.354324 -300.000000 0.991771 0.276459 -1
1 -315.846344 91.354324 -305.000000 0.994188 0.276459 -1
1 -315.846344 57.616611 -305.000000 0.994188 0.284452 -1
1 -775.148193 375.148132 -299.999969 0.666230 0.436476 -1
1 -775.148193 375.148132 -304.999969 0.668647 0.436476 -1
1 -99.682358 57.616611 -300.000000 0.976269 0.253448 -1
1 -99.682358 91.354324 -300.000000 0.976269 0.245455 -1
1 -99.682358 91.354324 -305.000000 0.978686 0.245455 -1
1 -99.682358 57.616611 -305.000000 0.978686 0.253448 -1
1 -125.049370 91.354324 -300.000000 0.991771 0.310372 -1
1 -125.049370 91.354324 -305.000000 0.994188 0.310372 -1
1 -322.451630 91.354324 -305.000000 0.994188 0.357136 -1
1 -322.451630 91.354324 -300.000000 0.991771 0.357136 -1
1 125.049370 57.616611 -300.000000 0.988670 0.318556 -1
1 125.049370 91.354324 -300.000000 0.988670 0.310564 -1
1 125.049370 91.354324 -305.000000 0.991087 0.310564 -1
1 125.049370 57.616611 -305.000000 0.991087 0.318556 -1
1 99.653793 91.354324 -300.000000 0.976269 0.226136 -1
1 99.653793 91.354324 -305.000000 0.978686 0.226136 -1
1 -100.551132 91.354324 -305.000000 0.978686 0.273564 -1
1 -100.551132 91.354324 -300.000000 0.976269 0.273564 -1
1 775.148193 -375.148132 -300.000031 0.666230 0.069212 -1
1 775.148193 -375.148132 -305.000031 0.668647 0.069212 -1
1 125.049370 97.308029 -300.000000 0.988670 0.285228 -1
1 125.049370 97.308029 -305.000000 0.991087 0.285228 -1
1 309.760315 97.308029 -305.000000 0.991087 0.241470 -1
1 309.760315 97.308029 -300.000000 0.988670 0.241470 -1
1 309.400513 97.308029 -300.000000 0.666230 0.247145 -1
1 309.400513 91.354324 -300.000000 0.666230 0.248556 -1
1 309.400513 91.354324 -305.000000 0.668647 0.248556 -1
1 309.400513 97.308029 -305.000000 0.668647 0.247145 -1
1 309.760315 91.354324 -300.000000 0.666230 0.248556 -1
1 309.760315 97.308029 -300.000000 0.666230 0.247145 -1
1 309.760315 97.308029 -305.000000 0.668647 0.247145 -1
1 309.760315 91.354324 -305.000000 0.668647 0.248556 -1
1 309.760315 97.308029 -300.000000 0.660554 0.179462 -1
1 309.760315 91.354324 -300.000000 0.663433 0.179462 -1
1 309.760315 91.354324 -305.000000 0.663433 0.179462 -1
1 309.760315 97.308029 -305.000000 0.660554 0.179462 -1
1 125.049370 91.354324 -305.000000 0.991087 0.285228 -1
1 125.049370 91.354324 -300.000000 0.988670 0.285228 -1
1 309.760315 91.354324 -300.000000 0.988670 0.241470 -1
1 309.760315 91.354324 -305.000000 0.991087 0.241470 -1
1 -100.551132 97.308029 -300.000000 0.666230 0.247145 -1
1 -100.551132 91.354324 -300.000000 0.666230 0.248556 -1
1 -100.551132 91.354324 -305.000000 0.668647 0.248556 -1
1 -100.551132 97.308029 -305.000000 0.668647 0.247145 -1
1 99.653793 97.308029 -305.000000 0.978686 0.226136 -1
1 99.653793 97.308029 -300.000000 0.976269 0.226136 -1
1 -100.551132 97.308029 -300.000000 0.976269 0.273564 -1
1 -100.551132 97.308029 -305.000000 0.978686 0.273564 -1
1 -100.551132 97.308029 -305.000000 0.660554 0.276665 -1
1 -100.551132 91.354324 -305.000000 0.663433 0.276665 -1
1 -100.551132 91.354324 -300.000000 0.663433 0.276665 -1
1 -100.551132 97.308029 -300.000000 0.660554 0.276665 -1
1 -322.451630 97.308029 -300.000000 0.666230 0.247145 -1
1 -322.451630 91.354324 -300.000000 0.666230 0.248556 -1
1 -322.451630 91.354324 -305.000000 0.668647 0.248556 -1
1 -322.451630 97.308029 -305.000000 0.668647 0.247145 -1
1 -322.451630 97.308029 -305.000000 0.660554 0.329233 -1
1 -322.451630 91.354324 -305.000000 0.663433 0.329233 -1
1 -322.451630 91.354324 -300.000000 0.663433 0.329233 -1
1 -322.451630 97.308029 -300.000000 0.660554 0.329233 -1
1 -125.049370 97.308029 -305.000000 0.994188 0.310372 -1
1 -125.049370 97.308029 -300.000000 0.991771 0.310372 -1
1 -322.451630 97.308029 -300.000000 0.991771 0.357136 -1
1 -322.451630 97.308029 -305.000000 0.994188 0.357136 -1
1 -775.148193 57.616611 -300.000000 0.666230 0.256548 -1
1 -775.148193 -375.148132 -300.000031 0.666230 0.359070 -1
1 -775.148193 -375.148132 -305.000031 0.668647 0.359070 -1
1 -775.148193 57.616611 -305.000000 0.668647 0.256548 -1
1 -775.148193 375.148132 -299.999969 0.666230 0.181325 -1
1 -775.148193 216.382370 -300.000000 0.666230 0.218937 -1
1 -775.148193 216.382370 -305.000000 0.668647 0.218937 -1
1 -775.148193 375.148132 -304.999969 0.668647 0.181325 -1
1 -775.148193 91.354324 -300.000000 0.666230 0.248556 -1
1 -775.148193 91.354324 -305.000000 0.668647 0.248556 -1
1 -775.148193 97.308029 -300.000000 0.666230 0.247145 -1
1 -775.148193 97.308029 -305.000000 0.668647 0.247145 -1
1 -775.148193 57.616611 -305.000000 0.679742 0.436476 -1
1 -775.148193 216.382370 -300.000000 0.602991 0.436476 -1
1 -775.148193 375.148132 -299.999969 0.526240 0.436476 -1
1 -775.148193 -375.148132 -305.000031 0.668647 0.436476 -1
1 -775.148193 -375.148132 -300.000031 0.666230 0.436476 -1
1 -775.148193 -375.148132 -300.000031 0.888950 0.436476 -1
1 -775.148193 375.148132 -304.999969 0.526240 0.436476 -1
1 -775.148193 -375.148132 -305.000031 0.888950 0.436476 -1
1 775.148193 216.382355 -300.000000 0.666230 0.218937 -1
1 775.148193 375.148132 -299.999969 0.666230 0.181325 -1
1 775.148193 375.148132 -304.999969 0.668647 0.181325 -1
1 775.148193 216.382355 -305.000000 0.668647 0.218937 -1
1 775.148193 -375.148132 -300.000031 0.666230 0.359070 -1
1 775.148193 57.616611 -300.000000 0.666230 0.256548 -1
1 775.148193 57.616611 -305.000000 0.668647 0.256548 -1
1 775.148193 -375.148132 -305.000031 0.668647 0.359070 -1
1 775.148193 97.308029 -300.000000 0.666230 0.247145 -1
1 775.148193 97.308029 -305.000000 0.668647 0.247145 -1
1 775.148193 91.354324 -300.000000 0.666230 0.248556 -1
1 775.148193 91.354324 -305.000000 0.668647 0.248556 -1
1 775.148193 -375.148132 -300.000031 0.888950 0.069212 -1
1 775.148193 216.382355 -305.000000 0.602991 0.069212 -1
1 775.148193 375.148132 -304.999969 0.526240 0.069212 -1
1 775.148193 97.308029 -300.000000 0.660554 0.069212 -1
1 775.148193 57.616611 -305.000000 0.679742 0.069212 -1
1 775.148193 -375.148132 -305.000031 0.888950 0.069212 -1
80
0.333333 0.666667 0.666667
0.816497 0.408248 -0.408248
-0.333333 0.666667 -0.666667
-0.816497 0.408248 0.408248
0.666667 -0.666667 0.333333
-0.408248 -0.408248 0.816497
-0.666667 -0.666667 -0.333334
0.408248 -0.408248 -0.816497
0.436436 0.218218 -0.872872
0.000000 -0.707107 -0.707107
0.000000 -0.800000 -0.600000
0.000000 0.000000 -1.000000
-0.182574 0.365148 -0.912871
0.000000 -0.707107 -0.707107
0.000000 0.000000 -1.000000
0.000000 -0.554700 -0.832050
0.000000 0.707107 -0.707107
-0.436436 -0.218218 -0.872872
0.182574 -0.365148 -0.912871
0.000000 0.800000 -0.600000
0.000000 0.000000 -1.000000
0.000000 0.554700 -0.832050
0.192450 -0.192450 -0.962250
-0.707107 0.000000 -0.707107
0.000000 0.000000 -1.000000
-0.554700 0.000000 -0.832050
0.316228 0.000000 -0.948683
0.218218 0.436436 0.872872
0.000000 -0.000000 1.000000
0.000000 -0.447214 0.894427
0.000000 -0.707107 0.707107
-0.365148 0.182574 0.912871
-0.000000 -0.707107 0.707107
-0.000000 -0.000000 1.000000
0.000000 -0.894427 0.447214
0.000000 0.707107 0.707107
0.365148 -0.182574 0.912871
-0.218218 -0.436436 0.872872
0.000000 0.447214 0.894427
0.000000 -0.000000 1.000000
0.000000 0.894427 0.447214
0.000000 -0.000000 1.000000
0.408248 -0.408248 0.816497
-0.707107 0.000000 0.707107
0.000000 0.000000 1.000000
-0.316228 0.000000 0.948683
0.554700 0.000000 0.832050
0.408248 0.408248 -0.816497
0.192450 0.192450 0.962250
0.554700 0.000000 -0.832050
0.316228 0.000000 0.948683
0.707107 0.000000 0.707107
0.707107 -0.000000 0.707107
0.707107 0.000000 -0.707107
0.707107 0.000000 -0.707107
-0.408248 -0.408248 -0.816497
-0.707107 0.000000 -0.707107
-0.666667 -0.666667 0.333333
-0.554700 0.000000 0.832050
0.000000 -0.447214 0.894427
-0.316228 0.000000 -0.948683
-0.707107 0.000000 -0.707107
0.666667 -0.666667 -0.333333
0.408248 -0.408248 0.816496
0.666667 0.666667 0.333333
-0.666667 0.666667 -0.333333
-0.408248 0.408248 0.816497
1.000000 0.000000 0.000000
0.000000 -0.894427 -0.447214
-0.666667 -0.666667 0.333333
-0.408248 -0.408248 -0.816497
0.000000 0.447214 -0.894427
-0.408248 0.408248 0.816497
0.666667 -0.666667 -0.333333
0.408248 0.408248 -0.816497
0.666667 0.666667 0.333333
0.707107 -0.000000 0.707107
0.707107 0.000000 -0.707107
-0.707107 -0.000000 0.707107
-0.707107 -0.000000 0.707107
300
1 0 1 2 0 1 2 1
1 0 2 3 0 2 3 1
1 4 5 6 4 5 6 1
1 4 6 7 4 6 7 1
1 2 1 7 2 1 7 1
1 2 7 6 2 7 6 1
1 0 3 5 0 3 5 1
1 0 5 4 0 5 4 1
1 3 2 6 3 2 6 1
1 3 6 5 3 6 5 1
1 1 0 4 1 0 4 1
1 1 4 7 1 4 7 1
1 8 9 10 8 9 10 1
1 8 10 11 8 10 11 1
1 12 13 14 12 13 9 1
1 12 14 15 12 9 8 1
1 16 17 18 8 9 9 1
1 16 18 19 8 9 12 1
1 19 18 9 12 9 9 1
1 19 9 8 12 9 8 1
1 20 21 13 14 15 13 1
1 20 13 12 14 13 12 1
1 15 14 22 8 9 9 1
1 15 22 23 8 9 12 1
1 23 22 17 12 9 9 1
1 23 17 16 12 9 8 1
1 24 25 26 16 17 18 1
1 24 26 27 16 18 16 1
1 28 29 25 16 18 17 1
1 28 25 24 16 17 16 1
1 30 31 32 19 20 17 1
1 30 32 33 19 17 16 1
1 34 35 36 16 17 18 1
1 34 36 37 16 18 16 1
1 27 26 35 16 18 17 1
1 27 35 34 16 17 16 1
1 33 32 29 16 17 18 1
1 33 29 28 16 18 16 1
1 37 36 38 16 18 20 1
1 37 38 39 16 20 21 1
1 40 15 23 22 8 12 1
1 40 23 41 22 12 23 1
1 42 20 12 24 14 12 1
1 42 12 43 24 12 23 1
1 44 16 19 22 8 12 1
1 44 19 45 22 12 25 1
1 46 8 11 26 8 11 1
1 46 11 47 26 11 24 1
1 48 49 50 27 28 29 1
1 48 50 51 27 29 30 1
1 52 53 54 31 27 30 1
1 52 54 55 31 30 32 1
1 56 57 58 27 31 30 1
1 56 58 59 27 30 30 1
1 57 48 51 31 27 30 1
1 57 51 58 31 30 30 1
1 60 52 55 33 31 32 1
1 60 55 61 33 32 34 1
1 53 62 63 27 31 30 1
1 53 63 54 27 30 30 1
1 62 56 59 31 27 30 1
1 62 59 63 31 30 30 1
1 64 65 66 35 35 36 1
1 64 66 67 35 36 37 1
1 68 64 67 35 35 37 1
1 68 67 69 35 37 36 1
1 70 71 72 38 35 37 1
1 70 72 73 38 37 39 1
1 74 75 76 35 35 36 1
1 74 76 77 35 36 37 1
1 65 74 77 35 35 37 1
1 65 77 66 35 37 36 1
1 71 68 69 35 35 36 1
1 71 69 72 35 36 37 1
1 75 78 79 35 40 41 1
1 75 79 76 35 41 36 1
1 80 81 62 42 43 31 1
1 80 62 53 42 31 27 1
1 82 83 52 44 43 31 1
1 82 52 60 44 31 33 1
1 84 85 57 42 45 31 1
1 84 57 56 42 31 27 1
1 86 87 49 46 44 28 1
1 86 49 48 46 28 27 1
1 88 89 90 47 18 36 1
1 88 90 91 47 36 48 1
1 92 93 94 25 12 31 1
1 92 94 95 25 31 45 1
1 96 97 98 9 13 32 1
1 96 98 99 9 32 30 1
1 100 101 102 49 18 36 1
1 100 102 103 49 36 50 1
1 104 82 105 44 44 51 1
1 104 105 106 44 51 51 1
1 107 108 109 19 16 35 1
1 107 109 110 19 35 38 1
1 111 112 113 23 12 31 1
1 111 113 114 23 31 43 1
1 115 116 117 16 21 40 1
1 115 117 118 16 40 35 1
1 119 120 121 23 12 31 1
1 119 121 122 23 31 43 1
1 87 123 124 44 44 43 1
1 87 124 125 44 43 43 1
1 126 127 128 16 16 35 1
1 126 128 129 16 35 35 1
1 130 131 132 47 18 36 1
1 130 132 133 47 36 48 1
1 97 134 135 13 15 34 1
1 97 135 98 13 34 32 1
1 136 137 138 18 17 37 1
1 136 138 139 18 37 36 1
1 140 141 142 9 9 30 1
1 140 142 143 9 30 30 1
1 82 60 144 44 33 52 1
1 82 144 105 44 52 51 1
1 108 126 129 16 16 35 1
1 108 129 109 16 35 35 1
1 145 146 147 12 8 27 1
1 145 147 148 12 27 31 1
1 149 150 151 16 16 35 1
1 149 151 152 16 35 35 1
1 127 149 152 16 16 35 1
1 127 152 128 16 35 35 1
1 153 154 155 9 9 30 1
1 153 155 156 9 30 30 1
1 157 158 159 18 17 37 1
1 157 159 160 18 37 36 1
1 154 140 143 9 9 30 1
1 154 143 155 9 30 30 1
1 141 96 99 9 9 30 1
1 141 99 142 9 30 30 1
1 161 162 163 12 8 27 1
1 161 163 164 12 27 31 1
1 165 166 167 18 17 37 1
1 165 167 168 18 37 36 1
1 169 31 170 24 20 53 1
1 169 170 171 24 53 54 1
1 11 10 172 11 10 55 1
1 11 172 173 11 55 56 1
1 174 175 176 12 8 27 1
1 174 176 177 12 27 31 1
1 150 115 118 16 16 35 1
1 150 118 151 16 35 35 1
1 178 179 180 10 29 57 1
1 178 180 181 10 57 55 1
1 178 153 156 10 9 30 1
1 178 156 179 10 30 29 1
1 42 169 171 24 24 54 1
1 42 171 182 24 54 54 1
1 183 184 185 23 23 43 1
1 183 185 186 23 43 43 1
1 104 187 83 44 43 43 1
1 104 83 82 44 43 44 1
1 169 42 43 24 24 23 1
1 169 43 188 24 23 23 1
1 189 190 191 23 23 43 1
1 189 191 192 23 43 43 1
1 193 194 195 8 22 42 1
1 193 195 196 8 42 27 1
1 197 198 81 48 43 43 1
1 197 81 80 48 43 42 1
1 199 40 41 47 22 23 1
1 199 41 200 47 23 23 1
1 201 202 203 8 22 42 1
1 201 203 204 8 42 27 1
1 85 205 205 45 58 40 1
1 85 205 85 45 40 59 1
1 206 205 85 48 58 45 1
1 206 85 84 48 45 42 1
1 207 44 45 47 22 25 1
1 207 45 208 47 25 60 1
1 38 209 210 20 24 23 1
1 38 210 211 20 23 61 1
1 212 213 214 8 26 46 1
1 212 214 215 8 46 27 1
1 216 123 87 50 44 44 1
1 216 87 86 50 44 46 1
1 217 46 47 49 26 24 1
1 217 47 209 49 24 24 1
1 31 169 188 20 24 23 1
1 31 188 32 20 23 17 1
1 73 72 187 39 37 43 1
1 73 187 104 39 43 44 1
1 218 219 220 17 23 43 1
1 218 220 221 17 43 37 1
1 135 134 222 34 15 62 1
1 135 222 223 34 62 63 1
1 29 199 200 18 47 23 1
1 29 200 25 18 23 17 1
1 69 67 198 36 37 43 1
1 69 198 197 36 43 48 1
1 224 225 226 17 23 43 1
1 224 226 227 17 43 37 1
1 228 229 230 47 48 64 1
1 228 230 231 47 64 47 1
1 26 207 208 18 47 60 1
1 26 208 35 18 60 17 1
1 66 77 205 36 37 58 1
1 66 205 206 36 58 48 1
1 232 233 234 17 60 58 1
1 232 234 235 17 58 37 1
1 236 237 238 47 48 64 1
1 236 238 239 47 64 47 1
1 36 217 209 18 49 24 1
1 36 209 38 18 24 20 1
1 76 79 123 36 41 44 1
1 76 123 216 36 44 50 1
1 117 116 240 40 21 65 1
1 117 240 241 40 65 66 1
1 86 46 46 46 26 67 1
1 86 46 86 46 67 67 1
1 242 243 244 68 59 69 1
1 242 244 245 68 69 70 1
1 246 247 248 67 67 67 1
1 246 248 249 67 67 67 1
1 216 86 86 50 46 67 1
1 216 86 216 50 67 67 1
1 208 45 45 60 25 68 1
1 208 45 208 60 68 71 1
1 46 217 217 26 49 67 1
1 46 217 46 26 67 67 1
1 205 208 208 58 60 71 1
1 205 208 205 58 71 40 1
1 45 85 85 25 45 59 1
1 45 85 45 25 59 68 1
1 217 216 216 49 50 67 1
1 217 216 217 49 67 67 1
1 250 251 252 65 70 69 1
1 250 252 253 65 69 72 1
1 208 45 254 71 68 70 1
1 208 254 255 71 70 65 1
1 85 205 256 59 40 72 1
1 85 256 257 59 72 69 1
1 258 259 260 40 71 65 1
1 258 260 261 40 65 72 1
1 262 263 264 73 47 64 1
1 262 264 265 73 64 42 1
1 266 267 268 42 22 73 1
1 266 268 269 42 73 42 1
1 206 84 270 48 42 42 1
1 206 270 271 48 42 64 1
1 44 207 272 22 47 47 1
1 44 272 273 22 47 73 1
1 274 275 276 73 47 64 1
1 274 276 277 73 64 42 1
1 197 80 278 48 42 42 1
1 197 278 279 48 42 64 1
1 40 199 280 22 47 47 1
1 40 280 281 22 47 73 1
1 282 283 284 42 22 73 1
1 282 284 285 42 73 42 1
1 286 287 288 53 74 75 1
1 286 288 289 53 75 76 1
1 290 291 292 62 77 52 1
1 290 292 293 62 52 63 1
1 294 286 289 54 53 76 1
1 294 289 295 54 76 51 1
1 291 296 297 77 54 51 1
1 291 297 292 77 51 52 1
1 296 294 295 54 54 51 1
1 296 295 297 54 51 51 1
1 73 104 106 39 44 51 1
1 73 106 298 39 51 76 1
1 21 20 299 15 14 77 1
1 21 299 300 15 77 62 1
1 107 110 301 19 38 75 1
1 107 301 302 19 75 74 1
1 31 30 303 20 19 74 1
1 31 303 170 20 74 53 1
1 20 42 182 14 24 54 1
1 20 182 299 14 54 77 1
1 60 61 304 33 34 63 1
1 60 304 144 33 63 52 1
1 70 73 298 38 39 76 1
1 70 298 305 38 76 75 1
1 306 307 308 56 55 57 1
1 306 308 309 56 57 78 1
1 310 311 312 65 61 79 1
1 310 312 313 65 79 66 1
1 314 306 309 23 56 78 1
1 314 309 315 23 78 43 1
1 316 314 315 23 23 43 1
1 316 315 317 23 43 43 1
1 311 316 317 61 23 43 1
1 311 317 312 61 43 79 1
1 39 38 211 21 20 61 1
1 39 211 318 21 61 65 1
1 50 49 319 29 28 78 1
1 50 319 320 29 78 57 1
1 47 11 173 24 11 56 1
1 47 173 321 24 56 23 1
1 123 79 322 44 41 79 1
1 123 322 124 44 79 43 1
1 209 47 321 24 24 23 1
1 209 321 210 24 23 23 1
1 79 78 323 41 40 66 1
1 79 323 322 41 66 79 1
1 49 87 125 28 44 43 1
1 49 125 319 28 43 78 1
"light" 1 1
48
1 -230.000000 -90.000000 -290.000000 0.490000 0.323333 -1
1 -230.000000 30.000000 -290.000000 0.343333 0.323333 -1
1 -230.000000 30.000000 -300.000000 0.343333 0.176667 -1
1 -230.000000 -90.000000 -300.000000 0.490000 0.176667 -1
1 -230.000000 -90.000000 -300.000000 0.323333 0.156667 -1
1 -230.000000 30.000000 -300.000000 0.176667 0.156667 -1
1 230.000000 30.000000 -300.000000 0.176667 0.010000 -1
1 230.000000 -90.000000 -300.000000 0.323333 0.010000 -1
1 230.000000 -90.000000 -300.000000 0.413327 0.327271 -1
1 230.000000 30.000000 -300.000000 0.266660 0.327271 -1
1 230.000000 30.000000 -290.000000 0.266660 0.180604 -1
1 230.000000 -90.000000 -290.000000 0.413327 0.180604 -1
1 230.000000 -90.000000 -290.000000 0.990000 0.990000 -1
1 230.000000 30.000000 -290.000000 0.843333 0.990000 -1
1 -230.000000 30.000000 -290.000000 0.843333 0.843333 -1
1 -230.000000 -90.000000 -290.000000 0.990000 0.843333 -1
1 -230.000000 -90.000000 -300.000000 0.656667 0.323333 -1
1 230.000000 -90.000000 -300.000000 0.510000 0.323333 -1
1 230.000000 -90.000000 -290.000000 0.510000 0.176667 -1
1 -230.000000 -90.000000 -290.000000 0.656667 0.176667 -1
1 230.000000 30.000000 -300.000000 0.172251 0.772136 -1
1 -230.000000 30.000000 -300.000000 0.025584 0.772136 -1
1 -230.000000 30.000000 -290.000000 0.025584 0.625469 -1
1 230.000000 30.000000 -290.000000 0.172251 0.625469 -1
1 -230.000000 -210.000000 -140.000000 0.967460 0.633261 -1
1 -230.000000 -90.000000 -140.000000 0.967460 0.946595 -1
1 -230.000000 -90.000000 -302.500519 0.820794 0.946595 -1
1 -230.000000 -210.000000 -302.500519 0.820794 0.633261 -1
1 -230.000000 -210.000000 -302.500519 0.010000 0.510000 -1
1 -230.000000 -90.000000 -302.500519 0.323333 0.510000 -1
1 230.000000 -90.000000 -302.500519 0.323333 0.656667 -1
1 230.000000 -210.000000 -302.500519 0.010000 0.656667 -1
1 230.000000 -210.000000 -302.500519 0.952713 0.676667 -1
1 230.000000 -90.000000 -302.500519 0.952713 0.990000 -1
1 230.000000 -90.000000 -140.000000 0.806046 0.990000 -1
1 230.000000 -210.000000 -140.000000 0.806046 0.676667 -1
1 230.000000 -210.000000 -140.000000 0.652484 0.490000 -1
1 230.000000 -90.000000 -140.000000 0.347516 0.490000 -1
1 -230.000000 -90.000000 -140.000000 0.347516 0.343333 -1
1 -230.000000 -210.000000 -140.000000 0.652484 0.343333 -1
1 -230.000000 -210.000000 -302.500519 0.990000 0.656667 -1
1 230.000000 -210.000000 -302.500519 0.843333 0.656667 -1
1 230.000000 -210.000000 -140.000000 0.843333 0.510000 -1
1 -230.000000 -210.000000 -140.000000 0.990000 0.510000 -1
1 230.000000 -90.000000 -302.500519 0.211802 0.784537 -1
1 -230.000000 -90.000000 -302.500519 0.065135 0.784537 -1
1 -230.000000 -90.000000 -140.000000 0.065135 0.637871 -1
1 230.000000 -90.000000 -140.000000 0.211802 0.637871 -1
8
-0.816497 -0.408248 0.408248
-0.333333 0.666667 0.666667
-0.816497 0.408248 -0.408248
-0.333333 -0.666667 -0.666667
0.333333 0.666667 -0.666667
0.816497 -0.408248 -0.408248
0.816497 0.408248 0.408248
0.333333 -0.666667 0.666667
24
1 0 1 2 0 1 2 1
1 0 2 3 0 2 3 1
1 4 5 6 3 2 4 1
1 4 6 7 3 4 5 1
1 8 9 10 5 4 6 1
1 8 10 11 5 6 7 1
1 12 13 14 7 6 1 1
1 12 14 15 7 1 0 1
1 16 17 18 3 5 7 1
1 16 18 19 3 7 0 1
1 20 21 22 4 2 1 1
1 20 22 23 4 1 6 1
1 24 25 26 0 1 2 1
1 24 26 27 0 2 3 1
1 28 29 30 3 2 4 1
1 28 30 31 3 4 5 1
1 32 33 34 5 4 6 1
1 32 34 35 5 6 7 1
1 36 37 38 7 6 1 1
1 36 38 39 7 1 0 1
1 40 41 42 3 5 7 1
1 40 42 43 3 7 0 1
1 44 45 46 4 2 1 1
1 44 46 47 4 1 6 1
"dark" 1 0
318
1 -309.400513 216.382355 310.000092 0.576923 0.160492 -1
1 -309.400513 375.148132 310.000061 0.490144 0.160492 -1
1 -375.148132 375.148132 310.000122 0.490144 0.143503 -1
1 -375.148132 216.382355 310.000122 0.576923 0.143503 -1
1 315.846344 216.382355 309.999878 0.576923 0.322059 -1
1 315.846344 375.148132 309.999878 0.490144 0.322059 -1
1 125.049370 375.148132 309.999939 0.490144 0.272756 -1
1 125.049370 216.382355 309.999939 0.576923 0.272756 -1
1 -99.653793 216.382355 310.000031 0.576923 0.214692 -1
1 -99.653793 375.148132 310.000031 0.490144 0.214692 -1
1 -125.049370 375.148132 310.000031 0.490144 0.208129 -1
1 -125.049370 216.382355 310.000031 0.576923 0.208129 -1
1 375.148132 216.382370 309.999878 0.576923 0.337383 -1
1 375.148132 375.148132 309.999878 0.490144 0.337383 -1
1 99.682358 375.148132 309.999939 0.490144 0.266201 -1
1 99.682358 216.382355 309.999969 0.576923 0.266201 -1
1 99.682358 -375.148132 309.999969 0.900243 0.266201 -1
1 99.682358 57.616611 309.999969 0.663701 0.266201 -1
1 -99.653793 57.616611 310.000031 0.663701 0.214692 -1
1 -99.653793 -375.148132 310.000061 0.900243 0.214692 -1
1 125.049370 -375.148132 309.999969 0.900243 0.272756 -1
1 125.049370 57.616611 309.999969 0.663701 0.272756 -1
1 375.148132 -375.148132 309.999878 0.900243 0.337383 -1
1 375.148132 57.616611 309.999878 0.663701 0.337383 -1
1 315.846344 57.616611 309.999878 0.663701 0.322059 -1
1 315.846344 -375.148132 309.999908 0.900243 0.322059 -1
1 -125.049370 -375.148132 310.000061 0.900243 0.208129 -1
1 -125.049370 57.616611 310.000031 0.663701 0.208129 -1
1 -309.400513 57.616611 310.000092 0.663701 0.160492 -1
1 -309.400513 -375.148132 310.000122 0.900243 0.160492 -1
1 -375.148132 57.616611 310.000122 0.663701 0.143503 -1
1 -375.148132 -375.148132 310.000122 0.900243 0.143503 -1
1 125.049370 97.308029 309.999969 0.642007 0.272756 -1
1 99.682358 97.308029 309.999969 0.642007 0.266201 -1
1 375.148132 97.308029 309.999878 0.642007 0.337383 -1
1 315.846344 97.308029 309.999878 0.642007 0.322059 -1
1 -99.653793 97.308029 310.000031 0.642007 0.214692 -1
1 -125.049370 97.308029 310.000031 0.642007 0.208129 -1
1 -309.400513 97.308029 310.000092 0.642007 0.160492 -1
1 -375.148132 97.308029 310.000122 0.642007 0.143503 -1
1 -309.400513 216.382355 315.000092 0.576923 0.160492 -1
1 -375.148132 216.382355 315.000122 0.576923 0.143503 -1
1 -375.148132 375.148132 315.000122 0.490144 0.143503 -1
1 -309.400513 375.148132 315.000061 0.490144 0.160492 -1
1 315.846344 216.382355 314.999878 0.576923 0.322059 -1
1 125.049370 216.382355 314.999939 0.576923 0.272756 -1
1 125.049370 375.148132 314.999939 0.490144 0.272756 -1
1 315.846344 375.148132 314.999878 0.490144 0.322059 -1
1 -99.653793 216.382355 315.000031 0.576923 0.214692 -1
1 -125.049370 216.382355 315.000031 0.576923 0.208129 -1
1 -125.049370 375.148132 315.000031 0.490144 0.208129 -1
1 -99.653793 375.148132 315.000031 0.490144 0.214692 -1
1 375.148132 216.382370 314.999878 0.576923 0.337383 -1
1 375.148132 375.148132 314.999878 0.490144 0.337383 -1
1 99.682358 216.382355 314.999969 0.576923 0.266201 -1
1 99.682358 375.148132 314.999939 0.490144 0.266201 -1
1 99.682358 -375.148132 314.999969 0.900243 0.266201 -1
1 -99.653793 -375.148132 315.000061 0.900243 0.214692 -1
1 -99.653793 57.616611 315.000031 0.663701 0.214692 -1
1 99.682358 57.616611 314.999969 0.663701 0.266201 -1
1 125.049370 -375.148132 314.999969 0.900243 0.272756 -1
1 125.049370 57.616611 314.999969 0.663701 0.272756 -1
1 375.148132 -375.148132 314.999878 0.900243 0.337383 -1
1 315.846344 -375.148132 314.999908 0.900243 0.322059 -1
1 315.846344 57.616611 314.999878 0.663701 0.322059 -1
1 375.148132 57.616611 314.999878 0.663701 0.337383 -1
1 -125.049370 -375.148132 315.000061 0.900243 0.208129 -1
1 -309.400513 -375.148132 315.000122 0.900243 0.160492 -1
1 -309.400513 57.616611 315.000092 0.663701 0.160492 -1
1 -125.049370 57.616611 315.000031 0.663701 0.208129 -1
1 -375.148132 -375.148132 315.000122 0.900243 0.143503 -1
1 -375.148132 57.616611 315.000122 0.663701 0.143503 -1
1 125.049370 97.308029 314.999969 0.642007 0.272756 -1
1 99.682358 97.308029 314.999969 0.642007 0.266201 -1
1 375.148132 97.308029 314.999878 0.642007 0.337383 -1
1 315.846344 97.308029 314.999878 0.642007 0.322059 -1
1 -99.653793 97.308029 315.000031 0.642007 0.214692 -1
1 -125.049370 97.308029 315.000031 0.642007 0.208129 -1
1 -309.400513 97.308029 315.000092 0.642007 0.160492 -1
1 -375.148132 97.308029 315.000122 0.642007 0.143503 -1
1 125.049370 91.354324 309.999969 0.983266 0.282271 -1
1 125.049370 57.616611 309.999969 0.983266 0.290989 -1
1 125.049370 57.616611 314.999969 0.985999 0.290989 -1
1 125.049370 91.354324 314.999969 0.985999 0.282271 -1
1 -125.049370 97.308029 310.000031 0.989467 0.268331 -1
1 -125.049370 216.382355 310.000031 0.989467 0.237561 -1
1 -125.049370 216.382355 315.000031 0.992200 0.237561 -1
1 -125.049370 97.308029 315.000031 0.992200 0.268331 -1
1 125.049370 375.148132 309.999939 0.648423 0.272756 -1
1 315.846344 375.148132 309.999878 0.648423 0.322059 -1
1 315.846344 375.148132 314.999878 0.651156 0.322059 -1
1 125.049370 375.148132 314.999939 0.651156 0.272756 -1
1 -309.400513 91.354324 310.000092 0.989467 0.269869 -1
1 -309.400513 57.616611 310.000092 0.989467 0.278587 -1
1 -309.400513 57.616611 315.000092 0.992200 0.278587 -1
1 -309.400513 91.354324 315.000092 0.992200 0.269869 -1
1 375.148132 91.354324 314.999878 0.645261 0.337383 -1
1 775.148193 97.308029 314.999756 0.642007 0.440745 -1
1 775.148193 91.354324 314.999756 0.645261 0.440745 -1
1 375.148132 -375.148132 309.999878 0.648423 0.337383 -1
1 315.846344 -375.148132 309.999908 0.648423 0.322059 -1
1 315.846344 -375.148132 314.999908 0.651156 0.322059 -1
1 375.148132 -375.148132 314.999878 0.651156 0.337383 -1
1 315.846344 97.308029 309.999878 0.983266 0.280732 -1
1 315.846344 216.382355 309.999878 0.983266 0.249963 -1
1 315.846344 216.382355 314.999878 0.985999 0.249963 -1
1 315.846344 97.308029 314.999878 0.985999 0.280732 -1
1 -309.400513 -375.148132 310.000122 0.648423 0.160492 -1
1 -375.148132 -375.148132 310.000122 0.648423 0.143503 -1
1 -375.148132 -375.148132 315.000122 0.651156 0.143503 -1
1 -309.400513 -375.148132 315.000122 0.651156 0.160492 -1
1 99.682358 97.308029 309.999969 0.989467 0.280732 -1
1 99.682358 216.382355 309.999969 0.989467 0.249963 -1
1 99.682358 216.382355 314.999969 0.992200 0.249963 -1
1 99.682358 97.308029 314.999969 0.992200 0.280732 -1
1 -375.148132 91.354324 315.000122 0.645261 0.143503 -1
1 -775.148193 91.354324 315.000244 0.645261 0.040141 -1
1 -775.148193 97.308029 315.000244 0.642007 0.040141 -1
1 125.049370 -375.148132 309.999969 0.648423 0.272756 -1
1 99.682358 -375.148132 309.999969 0.648423 0.266201 -1
1 99.682358 -375.148132 314.999969 0.651156 0.266201 -1
1 125.049370 -375.148132 314.999969 0.651156 0.272756 -1
1 -99.653793 91.354324 310.000031 0.989467 0.282271 -1
1 -99.653793 57.616611 310.000031 0.989467 0.290989 -1
1 -99.653793 57.616611 315.000031 0.992200 0.290989 -1
1 -99.653793 91.354324 315.000031 0.992200 0.282271 -1
1 375.148132 375.148132 309.999878 0.648423 0.337383 -1
1 375.148132 375.148132 314.999878 0.651156 0.337383 -1
1 -99.653793 57.616611 310.000031 0.989467 0.261198 -1
1 99.682358 57.616611 309.999969 0.989467 0.312707 -1
1 99.682358 57.616611 314.999969 0.992200 0.312707 -1
1 -99.653793 57.616611 315.000031 0.992200 0.261198 -1
1 -99.653793 375.148132 310.000031 0.648423 0.214692 -1
1 99.682358 375.148132 309.999939 0.648423 0.266201 -1
1 99.682358 375.148132 314.999939 0.651156 0.266201 -1
1 -99.653793 375.148132 315.000031 0.651156 0.214692 -1
1 775.148193 216.382370 314.999725 0.576923 0.440745 -1
1 99.682358 216.382355 309.999969 0.989467 0.312707 -1
1 -99.653793 216.382355 310.000031 0.989467 0.261198 -1
1 -99.653793 216.382355 315.000031 0.992200 0.261198 -1
1 99.682358 216.382355 314.999969 0.992200 0.312707 -1
1 -99.653793 -375.148132 310.000061 0.648423 0.214692 -1
1 -125.049370 -375.148132 310.000061 0.648423 0.208129 -1
1 -125.049370 -375.148132 315.000061 0.651156 0.208129 -1
1 -99.653793 -375.148132 315.000061 0.651156 0.214692 -1
1 -309.400513 375.148132 310.000061 0.648423 0.160492 -1
1 -125.049370 375.148132 310.000031 0.648423 0.208129 -1
1 -125.049370 375.148132 315.000031 0.651156 0.208129 -1
1 -309.400513 375.148132 315.000061 0.651156 0.160492 -1
1 -309.400513 57.616611 310.000092 0.989467 0.194596 -1
1 -125.049370 57.616611 310.000031 0.989467 0.242234 -1
1 -125.049370 57.616611 315.000031 0.992200 0.242234 -1
1 -309.400513 57.616611 315.000092 0.992200 0.194596 -1
1 -125.049370 216.382355 310.000031 0.989467 0.242234 -1
1 -309.400513 216.382355 310.000092 0.989467 0.194596 -1
1 -309.400513 216.382355 315.000092 0.992200 0.194596 -1
1 -125.049370 216.382355 315.000031 0.992200 0.242234 -1
1 125.049370 57.616611 309.999969 0.983266 0.319262 -1
1 315.846344 57.616611 309.999878 0.983266 0.368565 -1
1 315.846344 57.616611 314.999878 0.985999 0.368565 -1
1 125.049370 57.616611 314.999969 0.985999 0.319262 -1
1 375.148132 91.354324 309.999878 0.645261 0.337383 -1
1 775.148193 57.616611 309.999756 0.663701 0.440745 -1
1 775.148193 91.354324 309.999756 0.645261 0.440745 -1
1 -775.148193 375.148132 310.000244 0.490144 0.040141 -1
1 -775.148193 216.382355 310.000244 0.576923 0.040141 -1
1 315.846344 216.382355 309.999878 0.983266 0.368565 -1
1 125.049370 216.382355 309.999939 0.983266 0.319262 -1
1 125.049370 216.382355 314.999939 0.985999 0.319262 -1
1 315.846344 216.382355 314.999878 0.985999 0.368565 -1
1 -375.148132 375.148132 310.000122 0.648423 0.143503 -1
1 -375.148132 375.148132 315.000122 0.651156 0.143503 -1
1 -775.148193 375.148132 315.000244 0.651156 0.040141 -1
1 -775.148193 375.148132 310.000244 0.648423 0.040141 -1
1 775.148193 97.308029 309.999756 0.642007 0.440745 -1
1 315.846344 91.354324 309.999878 0.648423 0.235765 -1
1 315.846344 97.308029 309.999878 0.648423 0.234226 -1
1 315.846344 97.308029 314.999878 0.651156 0.234226 -1
1 315.846344 91.354324 314.999878 0.651156 0.235765 -1
1 315.846344 91.354324 314.999878 0.645261 0.322059 -1
1 315.846344 91.354324 309.999878 0.645261 0.322059 -1
1 99.682358 91.354324 309.999969 0.648423 0.235765 -1
1 99.682358 97.308029 309.999969 0.648423 0.234226 -1
1 99.682358 97.308029 314.999969 0.651156 0.234226 -1
1 99.682358 91.354324 314.999969 0.651156 0.235765 -1
1 125.049370 216.382355 309.999939 0.983266 0.249963 -1
1 125.049370 97.308029 309.999969 0.983266 0.280732 -1
1 125.049370 97.308029 314.999969 0.985999 0.280732 -1
1 125.049370 216.382355 314.999939 0.985999 0.249963 -1
1 125.049370 91.354324 314.999969 0.645261 0.272756 -1
1 99.682358 91.354324 314.999969 0.645261 0.266201 -1
1 125.049370 91.354324 309.999969 0.645261 0.272756 -1
1 99.682358 91.354324 309.999969 0.645261 0.266201 -1
1 -99.653793 216.382355 310.000031 0.989467 0.249963 -1
1 -99.653793 97.308029 310.000031 0.989467 0.280732 -1
1 -99.653793 97.308029 315.000031 0.992200 0.280732 -1
1 -99.653793 216.382355 315.000031 0.992200 0.249963 -1
1 -125.049370 91.354324 315.000031 0.645261 0.208129 -1
1 -99.653793 91.354324 315.000031 0.645261 0.214692 -1
1 -99.653793 91.354324 310.000031 0.645261 0.214692 -1
1 -125.049370 91.354324 310.000031 0.645261 0.208129 -1
1 -375.148132 91.354324 310.000122 0.645261 0.143503 -1
1 -775.148193 91.354324 310.000244 0.645261 0.040141 -1
1 -775.148193 57.616611 310.000244 0.663701 0.040141 -1
1 -309.400513 216.382355 310.000092 0.989467 0.237561 -1
1 -309.400513 97.308029 310.000092 0.989467 0.268331 -1
1 -309.400513 97.308029 315.000092 0.992200 0.268331 -1
1 -309.400513 216.382355 315.000092 0.992200 0.237561 -1
1 -309.400513 91.354324 315.000092 0.645261 0.160492 -1
1 -309.400513 91.354324 310.000092 0.645261 0.160492 -1
1 315.846344 57.616611 309.999878 0.983266 0.290989 -1
1 315.846344 91.354324 309.999878 0.983266 0.282271 -1
1 315.846344 91.354324 314.999878 0.985999 0.282271 -1
1 315.846344 57.616611 314.999878 0.985999 0.290989 -1
1 775.148193 375.148132 309.999725 0.648423 0.440745 -1
1 775.148193 375.148132 314.999725 0.651156 0.440745 -1
1 99.682358 57.616611 309.999969 0.989467 0.290989 -1
1 99.682358 91.354324 309.999969 0.989467 0.282271 -1
1 99.682358 91.354324 314.999969 0.992200 0.282271 -1
1 99.682358 57.616611 314.999969 0.992200 0.290989 -1
1 125.049370 91.354324 309.999969 0.983266 0.319262 -1
1 125.049370 91.354324 314.999969 0.985999 0.319262 -1
1 322.451630 91.354324 314.999878 0.985999 0.370272 -1
1 322.451630 91.354324 309.999878 0.983266 0.370272 -1
1 -125.049370 57.616611 310.000031 0.989467 0.278587 -1
1 -125.049370 91.354324 310.000031 0.989467 0.269869 -1
1 -125.049370 91.354324 315.000031 0.992200 0.269869 -1
1 -125.049370 57.616611 315.000031 0.992200 0.278587 -1
1 -99.653793 91.354324 310.000031 0.989467 0.261198 -1
1 -99.653793 91.354324 315.000031 0.992200 0.261198 -1
1 100.551132 91.354324 314.999969 0.992200 0.312931 -1
1 100.551132 91.354324 309.999969 0.989467 0.312931 -1
1 -775.148193 -375.148132 310.000275 0.648423 0.040141 -1
1 -775.148193 -375.148132 315.000275 0.651156 0.040141 -1
1 -125.049370 97.308029 310.000031 0.989467 0.242234 -1
1 -125.049370 97.308029 315.000031 0.992200 0.242234 -1
1 -309.760315 97.308029 315.000092 0.992200 0.194503 -1
1 -309.760315 97.308029 310.000092 0.989467 0.194503 -1
1 -309.400513 97.308029 310.000092 0.648423 0.234226 -1
1 -309.400513 91.354324 310.000092 0.648423 0.235765 -1
1 -309.400513 91.354324 315.000092 0.651156 0.235765 -1
1 -309.400513 97.308029 315.000092 0.651156 0.234226 -1
1 -125.049370 91.354324 315.000031 0.986304 0.242234 -1
1 -125.049370 91.354324 310.000031 0.986304 0.242234 -1
1 -309.760315 91.354324 310.000092 0.648423 0.235765 -1
1 -309.760315 97.308029 310.000092 0.648423 0.234226 -1
1 -309.760315 97.308029 315.000092 0.651156 0.234226 -1
1 -309.760315 91.354324 315.000092 0.651156 0.235765 -1
1 -309.760315 97.308029 310.000092 0.642007 0.160399 -1
1 -309.760315 91.354324 310.000092 0.645261 0.160399 -1
1 -309.760315 91.354324 315.000092 0.645261 0.160399 -1
1 -309.760315 97.308029 315.000092 0.642007 0.160399 -1
1 -125.049370 91.354324 315.000031 0.992200 0.242234 -1
1 -125.049370 91.354324 310.000031 0.989467 0.242234 -1
1 -309.760315 91.354324 310.000092 0.989467 0.194503 -1
1 -309.760315 91.354324 315.000092 0.992200 0.194503 -1
1 100.551132 97.308029 309.999969 0.648423 0.234226 -1
1 100.551132 91.354324 309.999969 0.648423 0.235765 -1
1 100.551132 91.354324 314.999969 0.651156 0.235765 -1
1 100.551132 97.308029 314.999969 0.651156 0.234226 -1
1 -99.653793 97.308029 315.000031 0.992200 0.261198 -1
1 -99.653793 97.308029 310.000031 0.989467 0.261198 -1
1 100.551132 97.308029 309.999969 0.989467 0.312931 -1
1 100.551132 97.308029 314.999969 0.992200 0.312931 -1
1 100.551132 97.308029 314.999969 0.642007 0.266425 -1
1 100.551132 91.354324 314.999969 0.645261 0.266425 -1
1 100.551132 91.354324 309.999969 0.645261 0.266425 -1
1 100.551132 97.308029 309.999969 0.642007 0.266425 -1
1 322.451630 97.308029 309.999878 0.648423 0.234226 -1
1 322.451630 91.354324 309.999878 0.648423 0.235765 -1
1 322.451630 91.354324 314.999878 0.651156 0.235765 -1
1 322.451630 97.308029 314.999878 0.651156 0.234226 -1
1 322.451630 97.308029 314.999878 0.642007 0.323766 -1
1 322.451630 91.354324 314.999878 0.645261 0.323766 -1
1 322.451630 91.354324 309.999878 0.645261 0.323766 -1
1 322.451630 97.308029 309.999878 0.642007 0.323766 -1
1 125.049370 97.308029 314.999969 0.985999 0.319262 -1
1 125.049370 97.308029 309.999969 0.983266 0.319262 -1
1 322.451630 97.308029 309.999878 0.983266 0.370272 -1
1 322.451630 97.308029 314.999878 0.985999 0.370272 -1
1 775.148193 57.616611 309.999756 0.648423 0.244483 -1
1 775.148193 -375.148132 309.999756 0.648423 0.356311 -1
1 775.148193 -375.148132 314.999756 0.651156 0.356311 -1
1 775.148193 57.616611 314.999756 0.651156 0.244483 -1
1 775.148193 375.148132 309.999725 0.648423 0.162431 -1
1 775.148193 216.382370 309.999725 0.648423 0.203457 -1
1 775.148193 216.382370 314.999725 0.651156 0.203457 -1
1 775.148193 375.148132 314.999725 0.651156 0.162431 -1
1 775.148193 91.354324 309.999756 0.648423 0.235765 -1
1 775.148193 91.354324 314.999756 0.651156 0.235765 -1
1 775.148193 97.308029 309.999756 0.648423 0.234226 -1
1 775.148193 97.308029 314.999756 0.651156 0.234226 -1
1 775.148193 57.616611 314.999756 0.663701 0.440745 -1
1 775.148193 216.382370 309.999725 0.576923 0.440745 -1
1 775.148193 375.148132 309.999725 0.490144 0.440745 -1
1 775.148193 -375.148132 314.999756 0.651156 0.440745 -1
1 775.148193 -375.148132 309.999756 0.648423 0.440745 -1
1 775.148193 -375.148132 309.999756 0.900243 0.440745 -1
1 775.148193 375.148132 314.999725 0.490144 0.440745 -1
1 775.148193 -375.148132 314.999756 0.900243 0.440745 -1
1 -775.148193 216.382355 310.000244 0.648423 0.203457 -1
1 -775.148193 375.148132 310.000244 0.648423 0.162431 -1
1 -775.148193 375.148132 315.000244 0.651156 0.162431 -1
1 -775.148193 216.382355 315.000244 0.651156 0.203457 -1
1 -775.148193 -375.148132 310.000275 0.648423 0.356311 -1
1 -775.148193 57.616611 310.000244 0.648423 0.244483 -1
1 -775.148193 57.616611 315.000244 0.651156 0.244483 -1
1 -775.148193 -375.148132 315.000275 0.651156 0.356311 -1
1 -775.148193 97.308029 310.000244 0.648423 0.234226 -1
1 -775.148193 97.308029 315.000244 0.651156 0.234226 -1
1 -775.148193 91.354324 310.000244 0.648423 0.235765 -1
1 -775.148193 91.354324 315.000244 0.651156 0.235765 -1
1 -775.148193 -375.148132 310.000275 0.900243 0.040141 -1
1 -775.148193 216.382355 315.000244 0.576923 0.040141 -1
1 -775.148193 375.148132 315.000244 0.490144 0.040141 -1
1 -775.148193 97.308029 310.000244 0.642007 0.040141 -1
1 -775.148193 57.616611 315.000244 0.663701 0.040141 -1
1 -775.148193 -375.148132 315.000275 0.900243 0.040141 -1
117
-0.436435 0.218218 0.872872
0.000000 -0.707107 0.707107
0.000000 -0.800000 0.600000
0.000000 0.000000 1.000000
0.182574 0.365148 0.912871
0.000000 -0.707107 0.707107
0.000000 -0.707107 0.707107
-0.436435 0.218218 0.872872
-0.436436 0.218218 0.872872
0.000000 -0.707107 0.707107
0.000000 -0.707107 0.707107
0.182574 0.365148 0.912871
0.000000 0.000000 1.000000
0.000000 -0.554700 0.832050
0.000000 -0.707107 0.707107
0.182575 0.365148 0.912871
0.000000 0.707107 0.707107
0.436436 -0.218218 0.872872
-0.182574 -0.365148 0.912871
0.000000 0.707107 0.707107
0.000000 0.707107 0.707107
-0.182574 -0.365148 0.912871
0.000000 0.800000 0.600000
0.000000 0.000000 1.000000
0.436436 -0.218218 0.872871
0.000000 0.707107 0.707107
0.000000 0.707107 0.707107
0.436436 -0.218218 0.872872
-0.182574 -0.365148 0.912871
0.000000 0.707107 0.707107
0.000000 0.000000 1.000000
0.000000 0.554700 0.832050
-0.192450 -0.192450 0.962251
0.707107 0.000000 0.707107
-0.192450 -0.192450 0.962250
0.554700 0.000000 0.832050
-0.316227 0.000000 0.948683
0.000000 0.000000 1.000000
-0.218218 0.436436 -0.872872
-0.000000 0.000000 -1.000000
-0.000000 -0.447214 -0.894427
-0.000000 -0.707107 -0.707107
0.365148 0.182574 -0.912871
-0.218218 0.436436 -0.872871
-0.000000 -0.707107 -0.707107
-0.000000 -0.707107 -0.707107
-0.218218 0.436436 -0.872872
0.365148 0.182574 -0.912871
-0.000000 -0.707107 -0.707107
-0.000000 -0.707107 -0.707107
-0.000000 0.000000 -1.000000
-0.000000 -0.894427 -0.447214
0.365148 0.182574 -0.912871
-0.000000 -0.707107 -0.707107
-0.000000 0.707107 -0.707107
-0.000000 0.707107 -0.707107
-0.365148 -0.182574 -0.912871
0.218218 -0.436436 -0.872872
-0.000000 0.707107 -0.707107
-0.365149 -0.182574 -0.912871
-0.000000 0.447214 -0.894427
-0.000000 0.707107 -0.707107
0.218218 -0.436436 -0.872872
-0.000000 0.000000 -1.000000
-0.000000 0.707107 -0.707107
-0.000000 0.707107 -0.707107
-0.365149 -0.182574 -0.912871
0.218218 -0.436436 -0.872872
-0.000000 0.894427 -0.447214
-0.000000 -0.000000 -1.000000
-0.408249 -0.408248 -0.816496
0.707107 0.000000 -0.707107
-0.000000 -0.000000 -1.000000
-0.408248 -0.408248 -0.816497
0.316228 0.000000 -0.948683
-0.554700 0.000000 -0.832050
-0.000000 0.000000 -1.000000
-0.408248 0.408248 0.816497
-0.192450 0.192450 -0.962250
-0.554700 0.000000 0.832051
-0.316228 0.000000 -0.948683
-0.707107 -0.000000 -0.707107
-0.707107 0.000000 -0.707107
0.707107 0.000000 -0.707107
-0.192450 0.192450 -0.962250
-0.707107 -0.000000 -0.707107
-0.707107 0.000000 0.707107
-0.707107 0.000000 0.707107
0.408248 -0.408248 0.816496
0.707107 0.000000 0.707107
0.666667 -0.666667 -0.333333
-0.707107 0.000000 0.707107
0.554700 0.000000 -0.832050
-0.000000 0.894427 -0.447214
-0.000000 -0.447214 -0.894427
0.316228 0.000000 0.948683
0.707107 0.000000 0.707107
0.707107 0.000000 0.707107
-0.666667 -0.666667 0.333333
-0.408249 -0.408248 -0.816496
-0.666667 0.666667 -0.333333
-0.408248 0.408248 0.816497
-0.666667 0.666667 -0.333333
-0.408248 0.408248 0.816497
0.666667 0.666667 0.333333
0.408248 0.408248 -0.816497
-1.000000 0.000000 0.000000
0.000000 -0.894427 0.447214
0.408249 -0.408248 0.816496
0.000000 0.447214 0.894427
0.666667 0.666667 0.333333
0.408248 0.408248 -0.816497
-0.666667 -0.666667 0.333333
-0.408249 -0.408248 -0.816496
-0.707107 0.000000 -0.707107
-0.707107 0.000000 0.707107
0.707107 -0.000000 -0.707107
288
1 0 1 2 0 1 2 1
1 0 2 3 0 2 3 1
1 4 5 6 4 5 6 1
1 4 6 7 4 6 7 1
1 8 9 10 8 9 10 1
1 8 10 11 8 10 11 1
1 11 10 1 11 10 1 1
1 11 1 0 11 1 0 1
1 12 13 5 12 13 5 1
1 12 5 4 12 5 4 1
1 7 6 14 7 6 14 1
1 7 14 15 7 14 15 1
1 15 14 9 15 14 9 1
1 15 9 8 15 9 8 1
1 16 17 18 16 17 18 1
1 16 18 19 16 18 19 1
1 20 21 17 20 21 17 1
1 20 17 16 20 17 16 1
1 22 23 24 22 23 24 1
1 22 24 25 22 24 25 1
1 26 27 28 26 27 28 1
1 26 28 29 26 28 29 1
1 19 18 27 19 18 27 1
1 19 27 26 19 27 26 1
1 25 24 21 25 24 21 1
1 25 21 20 25 21 20 1
1 29 28 30 29 28 30 1
1 29 30 31 29 30 31 1
1 32 7 15 32 7 15 1
1 32 15 33 32 15 33 1
1 34 12 4 23 12 4 1
1 34 4 35 23 4 33 1
1 36 8 11 34 8 11 1
1 36 11 37 34 11 35 1
1 38 0 3 36 0 3 1
1 38 3 39 36 3 37 1
1 40 41 42 38 39 40 1
1 40 42 43 38 40 41 1
1 44 45 46 42 43 44 1
1 44 46 47 42 44 45 1
1 48 49 50 46 47 48 1
1 48 50 51 46 48 49 1
1 49 40 43 47 38 41 1
1 49 43 50 47 41 48 1
1 52 44 47 50 42 45 1
1 52 47 53 50 45 51 1
1 45 54 55 43 52 53 1
1 45 55 46 43 53 44 1
1 54 48 51 52 46 49 1
1 54 51 55 52 49 53 1
1 56 57 58 54 55 56 1
1 56 58 59 54 56 57 1
1 60 56 59 58 54 57 1
1 60 59 61 58 57 59 1
1 62 63 64 60 61 62 1
1 62 64 65 60 62 63 1
1 66 67 68 64 65 66 1
1 66 68 69 64 66 67 1
1 57 66 69 55 64 67 1
1 57 69 58 55 67 56 1
1 63 60 61 61 58 59 1
1 63 61 64 61 59 62 1
1 67 70 71 65 68 69 1
1 67 71 68 65 69 66 1
1 72 73 54 70 71 52 1
1 72 54 45 70 52 43 1
1 74 75 44 72 71 42 1
1 74 44 52 72 42 50 1
1 76 77 49 73 74 47 1
1 76 49 48 73 47 46 1
1 78 79 41 75 76 39 1
1 78 41 40 75 39 38 1
1 80 81 82 77 21 59 1
1 80 82 83 77 59 78 1
1 84 85 86 35 11 47 1
1 84 86 87 35 47 74 1
1 88 89 90 6 5 45 1
1 88 90 91 6 45 44 1
1 92 93 94 79 28 66 1
1 92 94 95 79 66 80 1
1 96 74 97 63 72 81 1
1 96 97 98 63 81 82 1
1 99 100 101 22 25 61 1
1 99 101 102 22 61 60 1
1 103 104 105 33 4 42 1
1 103 105 106 33 42 71 1
1 107 108 109 29 31 68 1
1 107 109 110 29 68 65 1
1 111 112 113 33 15 52 1
1 111 113 114 33 52 71 1
1 79 115 116 76 76 83 1
1 79 116 117 76 83 83 1
1 118 119 120 20 16 54 1
1 118 120 121 20 54 58 1
1 122 123 124 77 18 56 1
1 122 124 125 77 56 84 1
1 89 126 127 5 13 51 1
1 89 127 90 5 51 45 1
1 128 129 130 18 17 57 1
1 128 130 131 18 57 56 1
1 132 133 134 9 14 53 1
1 132 134 135 9 53 49 1
1 74 52 136 72 50 85 1
1 74 136 97 72 85 81 1
1 100 118 121 25 20 58 1
1 100 121 101 25 58 61 1
1 137 138 139 15 8 46 1
1 137 139 140 15 46 52 1
1 141 142 143 19 26 64 1
1 141 143 144 19 64 55 1
1 119 141 144 16 19 55 1
1 119 144 120 16 55 54 1
1 145 146 147 1 10 48 1
1 145 147 148 1 48 41 1
1 149 150 151 28 27 67 1
1 149 151 152 28 67 66 1
1 146 132 135 10 9 49 1
1 146 135 147 10 49 48 1
1 133 88 91 14 6 44 1
1 133 91 134 14 44 53 1
1 153 154 155 11 0 38 1
1 153 155 156 11 38 47 1
1 157 158 159 21 24 62 1
1 157 159 160 21 62 59 1
1 161 23 162 23 23 86 1
1 161 162 163 23 86 87 1
1 3 2 164 3 2 88 1
1 3 164 165 3 88 89 1
1 166 167 168 4 7 43 1
1 166 168 169 4 43 42 1
1 142 107 110 26 29 65 1
1 142 110 143 26 65 64 1
1 170 171 172 2 40 90 1
1 170 172 173 2 90 88 1
1 170 145 148 2 1 41 1
1 170 148 171 2 41 40 1
1 34 161 163 23 23 87 1
1 34 163 174 23 87 91 1
1 175 176 177 33 33 71 1
1 175 177 178 33 71 71 1
1 96 179 75 63 71 71 1
1 96 75 74 63 71 72 1
1 161 34 35 23 23 33 1
1 161 35 180 23 33 33 1
1 181 182 183 33 33 71 1
1 181 183 184 33 71 71 1
1 185 186 187 7 32 70 1
1 185 187 188 7 70 43 1
1 189 190 73 78 71 71 1
1 189 73 72 78 71 70 1
1 191 32 33 77 32 33 1
1 191 33 192 77 33 33 1
1 193 194 195 8 34 73 1
1 193 195 196 8 73 46 1
1 77 197 197 74 92 93 1
1 77 197 77 74 93 94 1
1 198 197 77 84 92 74 1
1 198 77 76 84 74 73 1
1 199 36 37 77 34 35 1
1 199 37 200 77 35 95 1
1 30 201 202 30 3 96 1
1 30 202 203 30 96 97 1
1 204 205 206 0 36 75 1
1 204 206 207 0 75 38 1
1 208 115 79 80 76 76 1
1 208 79 78 80 76 75 1
1 209 38 39 79 36 37 1
1 209 39 201 79 37 3 1
1 23 161 180 23 23 33 1
1 23 180 24 23 33 24 1
1 65 64 179 63 62 71 1
1 65 179 96 63 71 63 1
1 210 211 212 24 33 71 1
1 210 212 213 24 71 62 1
1 127 126 214 51 13 98 1
1 127 214 215 51 98 99 1
1 21 191 192 21 77 33 1
1 21 192 17 21 33 17 1
1 61 59 190 59 57 71 1
1 61 190 189 59 71 78 1
1 216 217 218 17 33 71 1
1 216 218 219 17 71 57 1
1 220 221 222 77 78 100 1
1 220 222 223 77 100 101 1
1 18 199 200 18 77 95 1
1 18 200 27 18 95 27 1
1 58 69 197 56 67 92 1
1 58 197 198 56 92 84 1
1 224 225 226 27 95 92 1
1 224 226 227 27 92 67 1
1 228 229 230 77 84 102 1
1 228 230 231 77 102 103 1
1 28 209 201 28 79 3 1
1 28 201 30 28 3 30 1
1 68 71 115 66 69 76 1
1 68 115 208 66 76 80 1
1 109 108 232 68 31 104 1
1 109 232 233 68 104 105 1
1 78 38 38 75 36 106 1
1 78 38 78 75 106 106 1
1 234 235 236 107 94 90 1
1 234 236 237 107 90 108 1
1 238 239 240 106 106 106 1
1 238 240 241 106 106 106 1
1 208 78 78 80 75 106 1
1 208 78 208 80 106 106 1
1 200 37 37 95 35 107 1
1 200 37 200 95 107 109 1
1 38 209 209 36 79 106 1
1 38 209 38 36 106 106 1
1 242 243 243 92 95 109 1
1 242 243 242 92 109 93 1
1 37 77 77 35 74 94 1
1 37 77 37 35 94 107 1
1 209 208 208 79 80 106 1
1 209 208 209 79 106 106 1
1 244 245 246 110 108 90 1
1 244 246 247 110 90 111 1
1 200 37 248 109 107 108 1
1 200 248 249 109 108 110 1
1 77 197 250 94 93 111 1
1 77 250 251 94 111 90 1
1 252 253 254 93 109 110 1
1 252 254 255 93 110 111 1
1 256 257 258 98 103 102 1
1 256 258 259 98 102 99 1
1 260 261 262 73 34 98 1
1 260 262 263 73 98 99 1
1 198 76 264 84 73 99 1
1 198 264 265 84 99 102 1
1 36 199 266 34 77 103 1
1 36 266 267 34 103 98 1
1 268 269 270 112 101 100 1
1 268 270 271 112 100 113 1
1 189 72 272 78 70 113 1
1 189 272 273 78 113 100 1
1 32 191 274 32 77 101 1
1 32 274 275 32 101 112 1
1 276 277 278 70 32 112 1
1 276 278 279 70 112 113 1
1 280 281 282 86 103 102 1
1 280 282 283 86 102 114 1
1 284 285 286 98 115 85 1
1 284 286 287 98 85 99 1
1 288 280 283 87 86 114 1
1 288 283 289 87 114 82 1
1 285 290 291 115 91 81 1
1 285 291 286 115 81 85 1
1 290 288 289 91 87 82 1
1 290 289 291 91 82 81 1
1 65 96 98 63 63 82 1
1 65 98 292 63 82 114 1
1 13 12 293 13 12 115 1
1 13 293 294 13 115 98 1
1 99 102 295 22 60 102 1
1 99 295 296 22 102 103 1
1 23 22 297 23 22 103 1
1 23 297 162 23 103 86 1
1 12 34 174 12 23 91 1
1 12 174 293 12 91 115 1
1 52 53 298 50 51 99 1
1 52 298 136 50 99 85 1
1 62 65 292 60 63 114 1
1 62 292 299 60 114 102 1
1 300 301 302 89 88 90 1
1 300 302 303 89 90 83 1
1 304 305 306 104 97 116 1
1 304 306 307 104 116 105 1
1 308 300 303 96 89 83 1
1 308 303 309 96 83 83 1
1 310 308 309 96 96 83 1
1 310 309 311 96 83 83 1
1 305 310 311 97 96 83 1
1 305 311 306 97 83 116 1
1 31 30 203 31 30 97 1
1 31 203 312 31 97 104 1
1 42 41 313 40 39 83 1
1 42 313 314 40 83 90 1
1 39 3 165 37 3 89 1
1 39 165 315 37 89 96 1
1 115 71 316 76 69 116 1
1 115 316 116 76 116 83 1
1 201 39 315 3 37 96 1
1 201 315 202 3 96 96 1
1 71 70 317 69 68 105 1
1 71 317 316 69 105 116 1
1 41 79 117 39 76 83 1
1 41 117 313 39 83 83 1
"light" 1 1
48
1 230.000000 -90.000000 299.999939 0.490000 0.323333 -1
1 230.000000 30.000000 299.999939 0.343333 0.323333 -1
1 230.000000 30.000000 309.999939 0.343333 0.176667 -1
1 230.000000 -90.000000 309.999939 0.490000 0.176667 -1
1 230.000000 -90.000000 309.999939 0.323333 0.156667 -1
1 230.000000 30.000000 309.999939 0.176667 0.156667 -1
1 -230.000000 30.000000 310.000061 0.176667 0.010000 -1
1 -230.000000 -90.000000 310.000061 0.323333 0.010000 -1
1 -230.000000 -90.000000 310.000061 0.413327 0.327271 -1
1 -230.000000 30.000000 310.000061 0.266660 0.327271 -1
1 -230.000000 30.000000 300.000061 0.266660 0.180604 -1
1 -230.000000 -90.000000 300.000061 0.413327 0.180604 -1
1 -230.000000 -90.000000 300.000061 0.990000 0.990000 -1
1 -230.000000 30.000000 300.000061 0.843333 0.990000 -1
1 230.000000 30.000000 299.999939 0.843333 0.843333 -1
1 230.000000 -90.000000 299.999939 0.990000 0.843333 -1
1 230.000000 -90.000000 309.999939 0.656667 0.323333 -1
1 -230.000000 -90.000000 310.000061 0.510000 0.323333 -1
1 -230.000000 -90.000000 300.000061 0.510000 0.176667 -1
1 230.000000 -90.000000 299.999939 0.656667 0.176667 -1
1 -230.000000 30.000000 310.000061 0.172251 0.772136 -1
1 230.000000 30.000000 309.999939 0.025584 0.772136 -1
1 230.000000 30.000000 299.999939 0.025584 0.625469 -1
1 -230.000000 30.000000 300.000061 0.172251 0.625469 -1
1 229.999939 -210.000000 149.999924 0.967460 0.633261 -1
1 229.999939 -90.000000 149.999924 0.967460 0.946595 -1
1 230.000015 -90.000000 311.499908 0.820794 0.946595 -1
1 230.000015 -210.000000 311.499908 0.820794 0.633261 -1
1 230.000015 -210.000000 311.499908 0.010000 0.510000 -1
1 230.000015 -90.000000 311.499908 0.323333 0.510000 -1
1 -229.999985 -90.000000 311.500061 0.323333 0.656667 -1
1 -229.999985 -210.000000 311.500061 0.010000 0.656667 -1
1 -229.999985 -210.000000 311.500061 0.952713 0.676667 -1
1 -229.999985 -90.000000 311.500061 0.952713 0.990000 -1
1 -230.000061 -90.000000 150.000076 0.806046 0.990000 -1
1 -230.000061 -210.000000 150.000076 0.806046 0.676667 -1
1 -230.000061 -210.000000 150.000076 0.652484 0.490000 -1
1 -230.000061 -90.000000 150.000076 0.347516 0.490000 -1
1 229.999939 -90.000000 149.999924 0.347516 0.343333 -1
1 229.999939 -210.000000 149.999924 0.652484 0.343333 -1
1 230.000015 -210.000000 311.499908 0.990000 0.656667 -1
1 -229.999985 -210.000000 311.500061 0.843333 0.656667 -1
1 -230.000061 -210.000000 150.000076 0.843333 0.510000 -1
1 229.999939 -210.000000 149.999924 0.990000 0.510000 -1
1 -229.999985 -90.000000 311.500061 0.211802 0.784537 -1
1 230.000015 -90.000000 311.499908 0.065135 0.784537 -1
1 229.999939 -90.000000 149.999924 0.065135 0.637871 -1
1 -230.000061 -90.000000 150.000076 0.211802 0.637871 -1
16
0.816497 -0.408248 -0.408248
0.333333 0.666667 -0.666667
0.816497 0.408248 0.408248
0.333333 -0.666667 0.666667
-0.333333 0.666667 0.666667
-0.816497 -0.408248 0.408248
-0.816497 0.408248 -0.408248
-0.333333 -0.666667 -0.666667
0.816496 -0.408248 -0.408249
0.333333 0.666667 -0.666667
0.816497 0.408248 0.408248
0.333334 -0.666667 0.666667
-0.333333 0.666667 0.666667
-0.816496 -0.408248 0.408249
-0.816497 0.408248 -0.408248
-0.333334 -0.666667 -0.666667
24
1 0 1 2 0 1 2 1
1 0 2 3 0 2 3 1
1 4 5 6 3 2 4 1
1 4 6 7 3 4 5 1
1 8 9 10 5 4 6 1
1 8 10 11 5 6 7 1
1 12 13 14 7 6 1 1
1 12 14 15 7 1 0 1
1 16 17 18 3 5 7 1
1 16 18 19 3 7 0 1
1 20 21 22 4 2 1 1
1 20 22 23 4 1 6 1
1 24 25 26 8 9 10 1
1 24 26 27 8 10 11 1
1 28 29 30 11 10 12 1
1 28 30 31 11 12 13 1
1 32 33 34 13 12 14 1
1 32 34 35 13 14 15 1
1 36 37 38 15 14 9 1
1 36 38 39 15 9 8 1
1 40 41 42 11 13 15 1
1 40 42 43 11 15 8 1
1 44 45 46 12 10 9 1
1 44 46 47 12 9 14 1
"dark" 1 0
4
1 -828.071350 244.175995 -303.550354 0.294566 0.375322 -1
1 828.071350 244.175995 -303.550354 0.227610 0.375322 -1
1 828.071350 244.175751 314.376617 0.227610 0.308365 -1
1 -828.071350 244.175751 314.376617 0.294566 0.308365 -1
1
0.000000 -1.000000 -0.000000
2
1 0 1 2 0 0 0 1
1 0 2 3 0 0 0 1
"light" 1 1
104
1 -755.978394 150.870361 -106.666656 0.250870 0.033478 -1
1 -755.978394 300.000000 -106.666656 0.227391 0.033478 -1
1 -755.978394 300.000000 -320.000000 0.227391 0.010000 -1
1 -755.978394 150.870361 -320.000000 0.250870 0.010000 -1
1 -755.978394 150.870361 -320.000000 0.076957 0.401304 -1
1 -755.978394 300.000000 -320.000000 0.076957 0.424783 -1
1 -745.978394 300.000000 -320.000000 0.010000 0.424783 -1
1 -745.978394 150.870361 -320.000000 0.010000 0.401304 -1
1 -725.978394 150.870361 106.666656 0.717881 0.287374 -1
1 -745.978394 300.000000 106.666656 0.255807 0.287374 -1
1 -745.978394 300.000000 320.000000 0.255807 0.364387 -1
1 -745.978394 150.870361 320.000000 0.255807 0.364387 -1
1 -745.978394 150.870361 320.000000 0.598696 0.990000 -1
1 -745.978394 300.000000 320.000000 0.575217 0.990000 -1
1 -755.978394 300.000000 320.000000 0.575217 0.923043 -1
1 -755.978394 150.870361 320.000000 0.598696 0.923043 -1
1 -755.978394 -300.000000 106.666656 0.163913 0.990000 -1
1 -725.978394 -300.000000 106.666656 0.010000 0.990000 -1
1 -745.978394 -300.000000 320.000000 0.010000 0.836087 -1
1 -755.978394 -300.000000 320.000000 0.163913 0.836087 -1
1 -745.978394 300.000000 106.666656 0.444783 0.444783 -1
1 -755.978394 300.000000 106.666656 0.511739 0.444783 -1
1 -755.978394 300.000000 320.000000 0.511739 0.468261 -1
1 -745.978394 300.000000 320.000000 0.444783 0.468261 -1
1 -745.978394 300.000000 -320.000000 0.555217 0.488261 -1
1 -755.978394 300.000000 -320.000000 0.555217 0.555217 -1
1 -755.978394 300.000000 -106.666656 0.531739 0.555217 -1
1 -745.978394 300.000000 -106.666656 0.531739 0.488261 -1
1 -745.978394 300.000000 -106.666656 0.183913 0.444783 -1
1 -755.978394 300.000000 -106.666656 0.250870 0.444783 -1
1 -755.978394 300.000000 106.666656 0.250870 0.468261 -1
1 -745.978394 300.000000 106.666656 0.183913 0.468261 -1
1 -755.978394 -300.000000 -320.000000 0.337826 0.816087 -1
1 -745.978394 -300.000000 -320.000000 0.183913 0.816087 -1
1 -725.978394 -300.000000 -106.666656 0.183913 0.662174 -1
1 -755.978394 -300.000000 -106.666656 0.337826 0.662174 -1
1 -755.978394 -300.000000 -106.666656 0.468261 0.662174 -1
1 -725.978394 -300.000000 -106.666656 0.468261 0.816087 -1
1 -725.978394 -300.000000 106.666656 0.444783 0.816087 -1
1 -755.978394 -300.000000 106.666656 0.444783 0.662174 -1
1 -745.978394 150.870361 -320.000000 0.255807 0.133350 -1
1 -745.978394 300.000000 -320.000000 0.255807 0.133350 -1
1 -745.978394 300.000000 -106.666656 0.255807 0.210362 -1
1 -725.978394 150.870361 -106.666656 0.717881 0.210362 -1
1 -755.978394 150.870361 320.000000 0.990000 0.859565 -1
1 -755.978394 300.000000 320.000000 0.966522 0.859565 -1
1 -755.978394 300.000000 106.666656 0.966522 0.836087 -1
1 -755.978394 150.870361 106.666656 0.990000 0.836087 -1
1 -755.978394 150.870361 106.666656 0.990000 0.903043 -1
1 -755.978394 300.000000 106.666656 0.966522 0.903043 -1
1 -755.978394 300.000000 -106.666656 0.966522 0.879565 -1
1 -755.978394 150.870361 -106.666656 0.990000 0.879565 -1
1 -755.978394 150.870361 -106.666656 0.076957 0.444783 -1
1 -755.978394 -300.000000 -106.666656 0.010000 0.444783 -1
1 -754.978394 -300.000000 -106.666656 0.010000 0.444783 -1
1 -754.978394 150.870361 -106.666656 0.076957 0.444783 -1
1 -755.978394 -300.000000 320.000000 0.096957 0.401304 -1
1 -755.978394 150.870361 320.000000 0.163913 0.401304 -1
1 -755.978394 150.870361 106.666656 0.163913 0.424783 -1
1 -755.978394 -300.000000 106.666656 0.096957 0.424783 -1
1 -725.978394 -300.000000 -106.666656 0.992821 0.275727 -1
1 -725.978394 150.870361 -106.666656 0.980702 0.275727 -1
1 -755.978394 150.870361 -106.666656 0.980702 0.324106 -1
1 -755.978394 -300.000000 -106.666656 0.992821 0.324106 -1
1 -745.978394 -300.000000 -320.000000 0.270514 0.305476 -1
1 -745.978394 150.870361 -320.000000 0.270514 0.194339 -1
1 -725.978394 150.870361 -106.666656 0.979092 0.194339 -1
1 -725.978394 -300.000000 -106.666656 0.979092 0.305476 -1
1 -745.978394 -300.000000 320.000000 0.555217 0.729130 -1
1 -745.978394 150.870361 320.000000 0.488261 0.729130 -1
1 -755.978394 150.870361 320.000000 0.488261 0.662174 -1
1 -755.978394 -300.000000 320.000000 0.555217 0.662174 -1
1 -725.978394 -300.000000 106.666656 0.957106 0.317877 -1
1 -725.978394 150.870361 106.666656 0.957106 0.206740 -1
1 -745.978394 150.870361 320.000000 0.261496 0.206740 -1
1 -745.978394 -300.000000 320.000000 0.261496 0.317877 -1
1 -755.978394 -300.000000 -320.000000 0.511739 0.642174 -1
1 -755.978394 150.870361 -320.000000 0.444783 0.642174 -1
1 -745.978394 150.870361 -320.000000 0.444783 0.575217 -1
1 -745.978394 -300.000000 -320.000000 0.511739 0.575217 -1
1 -755.978394 150.870361 -320.000000 0.076957 0.468261 -1
1 -755.978394 -300.000000 -320.000000 0.010000 0.468261 -1
1 -725.978394 150.870361 -106.666656 0.982054 0.275727 -1
1 -725.978394 150.870361 106.666656 0.987430 0.275727 -1
1 -755.978394 150.870361 106.666656 0.987430 0.324106 -1
1 -755.978394 150.870361 -106.666656 0.982054 0.324106 -1
1 -725.978394 150.870361 106.666656 0.980702 0.275727 -1
1 -725.978394 -300.000000 106.666656 0.992821 0.275727 -1
1 -755.978394 -300.000000 106.666656 0.992821 0.324106 -1
1 -755.978394 150.870361 106.666656 0.980702 0.324106 -1
1 -725.978394 -300.000000 106.666656 0.424783 0.618696 -1
1 -725.978394 -300.000000 -106.666656 0.424783 0.642174 -1
1 -755.978394 -300.000000 -106.666656 0.270870 0.642174 -1
1 -755.978394 -300.000000 106.666656 0.270870 0.618696 -1
1 -754.978394 -300.000000 106.666656 0.569191 0.276664 -1
1 -754.978394 -300.000000 -106.666656 0.585974 0.276664 -1
1 -754.978394 150.870361 -106.666656 0.585974 0.228802 -1
1 -754.978394 150.870361 106.666656 0.569191 0.228802 -1
1 -754.978394 150.870361 -106.666656 0.990000 0.879565 -1
1 -754.978394 150.870361 106.666656 0.990000 0.903043 -1
1 -754.978394 150.870361 106.666656 0.163913 0.424783 -1
1 -754.978394 -300.000000 106.666656 0.096957 0.424783 -1
1 -754.978394 -300.000000 106.666656 0.444783 0.662174 -1
1 -754.978394 -300.000000 -106.666656 0.468261 0.662174 -1
29
-0.872872 -0.218218 0.436436
-0.707107 0.707107 0.000000
-0.816497 0.408248 -0.408248
-0.707107 0.000000 -0.707107
0.333333 0.666667 -0.666667
0.683110 0.030314 -0.729686
0.897161 -0.165762 -0.409420
0.658437 0.752636 0.000000
0.783738 0.446915 0.431302
0.673298 0.000000 0.739372
-0.333333 0.666667 0.666667
-0.707107 0.000000 0.707107
-0.333333 -0.666667 -0.666667
0.839470 -0.421576 -0.342875
0.325201 -0.653254 0.683742
-0.816497 -0.408248 0.408248
0.673710 0.738699 -0.020931
0.788761 -0.396110 -0.470056
0.338984 -0.680941 0.649161
0.942645 -0.304398 0.136976
-0.912871 -0.365148 -0.182574
0.408248 0.408248 0.816497
0.666667 -0.666667 0.333333
0.000000 -0.447214 0.894427
0.000000 0.894427 0.447214
0.000000 -0.894427 -0.447214
0.000000 0.447214 -0.894427
0.666667 0.666667 -0.333333
0.408248 -0.408248 -0.816497
58
1 0 1 2 0 1 2 1
1 0 2 3 0 2 3 1
1 4 5 6 3 2 4 1
1 4 6 7 3 4 5 1
1 8 9 10 6 7 8 1
1 8 10 11 6 8 9 1
1 12 13 14 9 8 10 1
1 12 14 15 9 10 11 1
1 16 17 18 12 13 14 1
1 16 18 19 12 14 15 1
1 20 21 22 7 1 10 1
1 20 22 23 7 10 8 1
1 24 25 26 4 2 1 1
1 24 26 27 4 1 16 1
1 28 29 30 16 1 1 1
1 28 30 31 16 1 7 1
1 32 33 34 12 17 18 1
1 32 34 35 12 18 15 1
1 36 37 38 15 18 13 1
1 36 38 39 15 13 12 1
1 40 41 42 5 4 16 1
1 40 42 43 5 16 19 1
1 43 42 9 19 16 7 1
1 43 9 8 19 7 6 1
1 44 45 46 11 10 1 1
1 44 46 47 11 1 20 1
1 48 49 50 20 1 1 1
1 48 50 51 20 1 0 1
1 52 53 54 0 15 21 1
1 52 54 55 0 21 22 1
1 56 57 58 15 11 20 1
1 56 58 59 15 20 12 1
1 60 61 62 18 19 23 1
1 60 62 63 18 23 24 1
1 64 65 66 17 5 19 1
1 64 66 67 17 19 18 1
1 68 69 70 14 9 11 1
1 68 70 71 14 11 15 1
1 72 73 74 13 6 9 1
1 72 74 75 13 9 14 1
1 76 77 78 12 3 5 1
1 76 78 79 12 5 17 1
1 53 52 80 15 0 3 1
1 53 80 81 15 3 12 1
1 82 83 84 19 6 25 1
1 82 84 85 19 25 23 1
1 86 87 88 6 13 26 1
1 86 88 89 6 26 25 1
1 90 91 92 13 18 24 1
1 90 92 93 13 24 26 1
1 94 95 96 27 21 22 1
1 94 96 97 27 22 28 1
1 48 51 98 20 0 22 1
1 48 98 99 20 22 28 1
1 59 58 100 12 20 28 1
1 59 100 101 12 28 27 1
1 36 39 102 15 12 27 1
1 36 102 103 15 27 21 1
"dark" 1 0
24
1 745.899963 -300.000000 320.000000 0.647433 0.307332 -1
1 745.899963 300.000000 320.000000 0.097389 0.307332 -1
1 745.899963 300.000000 -320.000000 0.097389 0.240375 -1
1 745.899963 -300.000000 -320.000000 0.647433 0.240375 -1
1 745.899963 -300.000000 -320.000000 0.781182 0.235804 -1
1 745.899963 300.000000 -320.000000 0.714226 0.235804 -1
1 755.899963 300.000000 -320.000000 0.714226 0.168848 -1
1 755.899963 -300.000000 -320.000000 0.781182 0.168848 -1
1 755.899963 -300.000000 -320.000000 0.781182 0.322761 -1
1 755.899963 300.000000 -320.000000 0.714226 0.322761 -1
1 755.899963 300.000000 320.000000 0.714226 0.255804 -1
1 755.899963 -300.000000 320.000000 0.781182 0.255804 -1
1 755.899963 -300.000000 320.000000 0.868139 0.322761 -1
1 755.899963 300.000000 320.000000 0.801182 0.322761 -1
1 745.899963 300.000000 320.000000 0.801182 0.255804 -1
1 745.899963 -300.000000 320.000000 0.868139 0.255804 -1
1 745.899963 -300.000000 -320.000000 0.694226 0.279282 -1
1 755.899963 -300.000000 -320.000000 0.627269 0.279282 -1
1 755.899963 -300.000000 320.000000 0.627269 0.212326 -1
1 745.899963 -300.000000 320.000000 0.694226 0.212326 -1
1 755.899963 300.000000 -320.000000 0.955095 0.279282 -1
1 745.899963 300.000000 -320.000000 0.888139 0.279282 -1
1 745.899963 300.000000 320.000000 0.888139 0.212326 -1
1 755.899963 300.000000 320.000000 0.955095 0.212326 -1
8
-0.816497 -0.408248 0.408248
-0.333333 0.666667 0.666667
-0.816497 0.408248 -0.408248
-0.333333 -0.666667 -0.666667
0.333333 0.666667 -0.666667
0.816497 -0.408248 -0.408248
0.816497 0.408248 0.408248
0.333333 -0.666667 0.666667
12
1 0 1 2 0 1 2 1
1 0 2 3 0 2 3 1
1 4 5 6 3 2 4 1
1 4 6 7 3 4 5 1
1 8 9 10 5 4 6 1
1 8 10 11 5 6 7 1
1 12 13 14 7 6 1 1
1 12 14 15 7 1 0 1
1 16 17 18 3 5 7 1
1 16 18 19 3 7 0 1
1 20 21 22 4 2 1 1
1 20 22 23 4 1 6 1
"paper" 1 2
50
1 -722.286926 65.340141 -222.262894 0.750000 0.750000 -1
1 -720.492004 40.811783 -217.838120 0.750000 1.000000 -1
1 -722.654175 36.406551 -242.348907 1.000000 1.000000 -1
1 -723.532654 60.934910 -246.773682 1.000000 0.750000 -1
1 -726.081482 138.925201 -235.537231 0.750000 0.000000 -1
1 -725.710449 114.396858 -231.112457 0.750000 0.250000 -1
1 -724.627747 109.991623 -255.623245 1.000000 0.250000 -1
1 -724.998779 134.519974 -260.048004 1.000000 0.000000 -1
1 -724.986328 89.868500 -226.687683 0.750000 0.500000 -1
1 -724.256653 85.463264 -251.198456 1.000000 0.500000 -1
1 -729.329468 152.140900 -162.004883 0.000000 0.000000 -1
1 -728.958435 127.612549 -157.580124 0.000000 0.250000 -1
1 -727.875732 123.207321 -182.090897 0.250000 0.250000 -1
1 -728.246765 147.735672 -186.515671 0.250000 0.000000 -1
1 -726.793091 118.802094 -206.601685 0.500000 0.250000 -1
1 -727.164185 143.330444 -211.026459 0.500000 0.000000 -1
1 -728.587402 103.084190 -153.155334 0.000000 0.500000 -1
1 -727.151733 98.678963 -177.666107 0.250000 0.500000 -1
1 -725.561584 94.273727 -202.176895 0.500000 0.500000 -1
1 -727.863281 78.555832 -148.730560 0.000000 0.750000 -1
1 -724.452209 74.150604 -173.241333 0.250000 0.750000 -1
1 -721.945740 69.745369 -197.752106 0.500000 0.750000 -1
1 -726.984863 54.027481 -144.305786 0.000000 1.000000 -1
1 -722.657349 49.622238 -168.816544 0.250000 1.000000 -1
1 -719.589294 45.217010 -193.327332 0.500000 1.000000 -1
1 -723.085938 -100.027130 -234.820923 0.750000 0.750000 -1
1 -720.879150 -131.050690 -236.348053 0.750000 1.000000 -1
1 -725.351074 -129.638550 -267.142883 1.000000 1.000000 -1
1 -726.417847 -98.613014 -265.681305 1.000000 0.750000 -1
1 -727.728027 -6.953000 -230.353271 0.750000 0.000000 -1
1 -727.292603 -37.979660 -231.778549 0.750000 0.250000 -1
1 -727.727783 -36.560471 -262.805481 1.000000 0.250000 -1
1 -728.163208 -5.533820 -261.380219 1.000000 0.000000 -1
1 -726.418091 -69.005539 -233.229080 0.750000 0.500000 -1
1 -727.292419 -67.587128 -264.230774 1.000000 0.500000 -1
1 -726.422485 -11.210550 -137.272476 0.000000 0.000000 -1
1 -725.987061 -42.237209 -138.697754 0.000000 0.250000 -1
1 -726.422241 -40.818020 -169.724670 0.250000 0.250000 -1
1 -726.857666 -9.791360 -168.299408 0.250000 0.000000 -1
1 -726.857422 -39.398838 -200.751617 0.500000 0.250000 -1
1 -727.292847 -8.372180 -199.326340 0.500000 0.000000 -1
1 -725.551697 -73.263847 -140.123016 0.000000 0.500000 -1
1 -725.547729 -71.843910 -171.175217 0.250000 0.500000 -1
1 -725.351563 -70.423622 -202.238449 0.500000 0.500000 -1
1 -724.677063 -104.289742 -141.573547 0.000000 0.750000 -1
1 -722.215515 -102.865494 -172.767044 0.250000 0.750000 -1
1 -720.879395 -101.443214 -203.895859 0.500000 0.750000 -1
1 -723.610291 -135.315277 -143.035141 0.000000 1.000000 -1
1 -720.008667 -133.889053 -174.294189 0.250000 1.000000 -1
1 -717.973938 -132.465546 -205.463165 0.500000 1.000000 -1
50
0.995469 0.082613 -0.047084
0.995829 0.069889 -0.058645
0.996250 0.040453 -0.076487
0.998080 0.052254 -0.033240
0.998945 0.022346 0.040110
0.998964 0.026571 0.036952
0.998945 0.022347 0.040110
0.998945 0.022346 0.040110
0.998142 0.060649 0.005767
0.999126 0.029961 0.029155
0.998945 0.022346 0.040110
0.998648 0.027817 0.043905
0.998582 0.033229 0.041579
0.998945 0.022347 0.040107
0.998785 0.035369 0.034314
0.998945 0.022347 0.040107
0.995219 0.064500 0.073346
0.995343 0.082153 0.050436
0.995620 0.091773 0.017865
0.988051 0.070357 0.137134
0.990888 0.097950 0.092454
0.993469 0.113312 0.013406
0.984638 0.064530 0.162246
0.987973 0.083504 0.130141
0.994311 0.096198 0.045726
0.992083 0.092732 -0.084693
0.991651 0.082886 -0.098786
0.990740 0.058138 -0.122694
0.995135 0.060066 -0.078088
0.999804 0.014645 -0.013353
0.999691 0.019461 -0.015492
0.999804 0.014644 -0.013353
0.999804 0.014645 -0.013353
0.997489 0.059604 -0.038260
0.999450 0.024495 -0.022342
0.999804 0.014645 -0.013353
0.999781 0.019136 -0.008430
0.999644 0.024929 -0.009492
0.999804 0.014645 -0.013353
0.999461 0.028626 -0.016101
0.999804 0.014645 -0.013353
0.998421 0.048375 0.028549
0.997448 0.070667 0.010147
0.995995 0.087268 -0.019448
0.994925 0.039939 0.092355
0.995543 0.076752 0.054804
0.993834 0.109256 -0.018897
0.992869 0.028688 0.115706
0.994598 0.054310 0.088461
0.996308 0.085408 0.008728
64
1 0 1 2 0 1 2 1
1 0 2 3 0 2 3 1
1 4 5 6 4 5 6 1
1 4 6 7 4 6 7 1
1 5 8 9 5 8 9 1
1 5 9 6 5 9 6 1
1 8 0 3 8 0 3 1
1 8 3 9 8 3 9 1
1 10 11 12 10 11 12 1
1 10 12 13 10 12 13 1
1 13 12 14 13 12 14 1
1 13 14 15 13 14 15 1
1 15 14 5 15 14 5 1
1 15 5 4 15 5 4 1
1 11 16 17 11 16 17 1
1 11 17 12 11 17 12 1
1 12 17 18 12 17 18 1
1 12 18 14 12 18 14 1
1 14 18 8 14 18 8 1
1 14 8 5 14 8 5 1
1 16 19 20 16 19 20 1
1 16 20 17 16 20 17 1
1 17 20 21 17 20 21 1
1 17 21 18 17 21 18 1
1 18 21 0 18 21 0 1
1 18 0 8 18 0 8 1
1 19 22 23 19 22 23 1
1 19 23 20 19 23 20 1
1 20 23 24 20 23 24 1
1 20 24 21 20 24 21 1
1 21 24 1 21 24 1 1
1 21 1 0 21 1 0 1
1 25 26 27 25 26 27 1
1 25 27 28 25 27 28 1
1 29 30 31 29 30 31 1
1 29 31 32 29 31 32 1
1 30 33 34 30 33 34 1
1 30 34 31 30 34 31 1
1 33 25 28 33 25 28 1
1 33 28 34 33 28 34 1
1 35 36 37 35 36 37 1
1 35 37 38 35 37 38 1
1 38 37 39 38 37 39 1
1 38 39 40 38 39 40 1
1 40 39 30 40 39 30 1
1 40 30 29 40 30 29 1
1 36 41 42 36 41 42 1
1 36 42 37 36 42 37 1
1 37 42 43 37 42 43 1
1 37 43 39 37 43 39 1
1 39 43 33 39 43 33 1
1 39 33 30 39 33 30 1
1 41 44 45 41 44 45 1
1 41 45 42 41 45 42 1
1 42 45 46 42 45 46 1
1 42 46 43 42 46 43 1
1 43 46 25 43 46 25 1
1 43 25 33 43 25 33 1
1 44 47 48 44 47 48 1
1 44 48 45 44 48 45 1
1 45 48 49 45 48 49 1
1 45 49 46 45 49 46 1
1 46 49 26 46 49 26 1
1 46 26 25 46 26 25 1
"paper2" 1 3
36
1 -727.767212 -83.561005 161.282806 0.804600 0.805908 -1
1 -727.686157 -135.685516 161.763382 0.804600 1.009847 -1
1 -727.732788 -134.715408 132.745667 1.007666 1.009847 -1
1 -727.813171 -82.983315 132.162537 1.007666 0.805909 -1
1 -727.866089 127.567566 161.300934 0.804600 -0.009848 -1
1 -727.994751 72.341728 159.798553 0.804600 0.194092 -1
1 -728.010498 71.785057 130.535736 1.007666 0.194092 -1
1 -727.846130 126.776382 132.168594 1.007666 -0.009848 -1
1 -728.072144 18.494221 158.948914 0.804600 0.398030 -1
1 -728.105713 17.938620 129.589447 1.007666 0.398031 -1
1 -727.972900 -32.649681 159.794556 0.804600 0.601969 -1
1 -728.008484 -32.792480 130.535370 1.007666 0.601970 -1
1 -728.099609 134.252258 277.944397 -0.007666 -0.009848 -1
1 -728.006226 80.042053 277.927277 -0.007666 0.194091 -1
1 -727.994385 79.344238 248.776581 0.195400 0.194092 -1
1 -728.066711 133.568588 248.912079 0.195400 -0.009848 -1
1 -727.987000 77.134735 219.191895 0.398467 0.194092 -1
1 -727.991333 131.890732 219.842194 0.398467 -0.009848 -1
1 -727.985962 74.412880 189.433517 0.601533 0.194092 -1
1 -727.919312 129.580887 190.582306 0.601533 -0.009848 -1
1 -727.845093 24.423061 277.897705 -0.007666 0.398030 -1
1 -727.865295 23.663809 248.555435 0.195400 0.398030 -1
1 -727.917969 21.814301 218.741211 0.398467 0.398030 -1
1 -727.993164 19.833061 188.768326 0.601533 0.398030 -1
1 -727.774963 -29.302650 277.884827 -0.007666 0.601969 -1
1 -727.774780 -29.756260 248.736298 0.195400 0.601969 -1
1 -727.823730 -30.796360 219.161926 0.398467 0.601969 -1
1 -727.900146 -31.908209 189.417786 0.601533 0.601969 -1
1 -727.718506 -82.743835 277.874481 -0.007666 0.805908 -1
1 -727.688904 -83.360291 248.842758 0.195400 0.805909 -1
1 -727.680115 -83.652420 219.785080 0.398467 0.805908 -1
1 -727.713257 -83.777695 190.544495 0.601533 0.805908 -1
1 -727.686157 -135.685516 277.868530 -0.007666 1.009847 -1
1 -727.646851 -136.501328 248.835068 0.195400 1.009847 -1
1 -727.630371 -136.844086 219.805740 0.398467 1.009847 -1
1 -727.646851 -136.501328 190.782471 0.601533 1.009847 -1
36
0.999995 0.002690 -0.001801
0.999998 0.001444 -0.001569
0.999998 0.001539 -0.001552
0.999994 0.003128 -0.001427
0.999996 -0.002571 0.000751
0.999998 -0.001753 -0.000090
0.999997 -0.002362 -0.000077
0.999995 -0.003012 0.000767
0.999999 0.000459 -0.001516
0.999999 -0.000428 -0.000933
0.999994 0.002899 -0.001958
0.999996 0.002555 -0.001213
0.999999 0.001527 0.000733
0.999997 0.002312 -0.000016
0.999999 0.001713 0.000036
0.999999 0.000904 0.001281
1.000000 0.000641 0.000063
0.999998 -0.000378 0.001726
1.000000 -0.000675 -0.000070
0.999998 -0.001616 0.001443
0.999998 0.001965 -0.000503
0.999997 0.002116 -0.001108
0.999997 0.001692 -0.001914
0.999997 0.001077 -0.002175
0.999999 0.001321 0.000322
0.999998 0.001764 -0.000657
0.999995 0.002363 -0.001971
0.999993 0.002729 -0.002473
0.999999 0.000819 0.001112
0.999999 0.001130 0.000520
0.999998 0.001688 -0.000669
0.999996 0.002310 -0.001659
0.999999 0.000611 0.001337
0.999999 0.000731 0.000966
1.000000 0.000887 0.000098
0.999999 0.001148 -0.001005
50
1 0 1 2 0 1 2 1
1 0 2 3 0 2 3 1
1 4 5 6 4 5 6 1
1 4 6 7 4 6 7 1
1 5 8 9 5 8 9 1
1 5 9 6 5 9 6 1
1 8 10 11 8 10 11 1
1 8 11 9 8 11 9 1
1 10 0 3 10 0 3 1
1 10 3 11 10 3 11 1
1 12 13 14 12 13 14 1
1 12 14 15 12 14 15 1
1 15 14 16 15 14 16 1
1 15 16 17 15 16 17 1
1 17 16 18 17 16 18 1
1 17 18 19 17 18 19 1
1 19 18 5 19 18 5 1
1 19 5 4 19 5 4 1
1 13 20 21 13 20 21 1
1 13 21 14 13 21 14 1
1 14 21 22 14 21 22 1
1 14 22 16 14 22 16 1
1 16 22 23 16 22 23 1
1 16 23 18 16 23 18 1
1 18 23 8 18 23 8 1
1 18 8 5 18 8 5 1
1 20 24 25 20 24 25 1
1 20 25 21 20 25 21 1
1 21 25 26 21 25 26 1
1 21 26 22 21 26 22 1
1 22 26 27 22 26 27 1
1 22 27 23 22 27 23 1
1 23 27 10 23 27 10 1
1 23 10 8 23 10 8 1
1 24 28 29 24 28 29 1
1 24 29 25 24 29 25 1
1 25 29 30 25 29 30 1
1 25 30 26 25 30 26 1
1 26 30 31 26 30 31 1
1 26 31 27 26 31 27 1
1 27 31 0 27 31 0 1
1 27 0 10 27 0 10 1
1 28 32 33 28 32 33 1
1 28 33 29 28 33 29 1
1 29 33 34 29 33 34 1
1 29 34 30 29 34 30 1
1 30 34 35 30 34 35 1
1 30 35 31 30 35 31 1
1 31 35 1 31 35 1 1
1 31 1 0 31 1 0 1
"window" 1 4
24
1 -101.092041 56.637039 -305.382751 0.000000 1.000000 -1
1 102.173340 56.637039 -305.382751 1.000000 1.000000 -1
1 102.173340 217.661926 -305.382751 1.000000 0.000000 -1
1 -101.092041 217.661926 -305.382751 0.000000 0.000000 -1
1 122.646034 56.637039 -305.382751 0.000000 1.000000 -1
1 312.923340 56.637039 -305.382751 1.000000 1.000000 -1
1 312.923340 217.661926 -305.382751 1.000000 0.000000 -1
1 122.646034 217.661926 -305.382751 0.000000 0.000000 -1
1 -318.700806 56.637039 -305.382751 0.000000 1.000000 -1
1 -122.037056 56.637039 -305.382751 1.000000 1.000000 -1
1 -122.037056 217.661926 -305.382751 1.000000 0.000000 -1
1 -318.700806 217.661926 -305.382751 0.000000 0.000000 -1
1 101.516258 56.637070 320.778168 0.000000 1.000000 -1
1 -101.749123 56.637070 320.778229 1.000000 1.000000 -1
1 -101.749123 217.661972 320.778229 1.000000 0.000000 -1
1 101.516258 217.661972 320.778168 0.000000 0.000000 -1
1 -121.151543 56.637070 320.778198 0.000000 1.000000 -1
1 -313.569458 56.637070 320.778259 1.000000 1.000000 -1
1 -313.569458 217.661972 320.778259 1.000000 0.000000 -1
1 -121.151543 217.661972 320.778198 0.000000 0.000000 -1
1 319.515106 56.637070 320.778168 0.000000 1.000000 -1
1 124.705200 56.637070 320.778229 1.000000 1.000000 -1
1 124.705200 217.661972 320.778229 1.000000 0.000000 -1
1 319.515106 217.661972 320.778168 0.000000 0.000000 -1
4
0.000000 0.000000 1.000000
-0.000000 0.000000 -1.000000
-0.000000 0.000000 -1.000000
-0.000000 0.000000 -1.000000
12
1 0 1 2 0 0 0 1
1 0 2 3 0 0 0 1
1 4 5 6 0 0 0 1
1 4 6 7 0 0 0 1
1 8 9 10 0 0 0 1
1 8 10 11 0 0 0 1
1 12 13 14 1 1 1 1
1 12 14 15 1 1 1 1
1 16 17 18 2 2 2 1
1 16 18 19 2 2 2 1
1 20 21 22 3 3 3 1
1 20 22 23 3 3 3 1

Materials: 5
"dark"
1.000000 1.000000 1.000000 1.000000
0.800000 0.800000 0.800000 1.000000
0.500000 0.500000 0.500000 1.000000
0.000000 0.000000 0.000000 1.000000
0.128000
1.000000
"bcolor.png"
""
"light"
1.000000 1.000000 1.000000 1.000000
0.800000 0.800000 0.800000 1.000000
0.500000 0.500000 0.500000 1.000000
0.000000 0.000000 0.000000 1.000000
0.128000
1.000000
"bcolor.png"
""
"paper"
1.000000 1.000000 1.000000 1.000000
0.800000 0.800000 0.800000 1.000000
0.500000 0.500000 0.500000 1.000000
0.000000 0.000000 0.000000 1.000000
0.185600
1.000000
"paper1.png"
""
"paper2"
1.000000 1.000000 1.000000 1.000000
0.800000 0.800000 0.800000 1.000000
0.500000 0.500000 0.500000 1.000000
0.000000 0.000000 0.000000 1.000000
0.185600
1.000000
"paper2.png"
""
"window"
1.000000 1.000000 1.000000 1.000000
0.800000 0.800000 0.800000 1.000000
0.500000 0.500000 0.500000 1.000000
0.000000 0.000000 0.000000 1.000000
0.128000
1.000000
"window.png"
""

Bones: 0
GroupComments: 0
MaterialComments: 0
BoneComments: 0
ModelComment: 0
